,59_SVM,59_LR,MEAN,MEDIAN
221933_at,-2.1518846786443038,-1.1725614973711076,-1.6622230880077056,-1.6622230880077056
221933_at,-2.1518846786443038,-1.1725614973711076,-1.6622230880077056,-1.6622230880077056
225109_at,-2.1031506321738327,-0.6511072171908924,-1.3771289246823626,-1.3771289246823626
225109_at,-2.1031506321738327,-0.6511072171908924,-1.3771289246823626,-1.3771289246823626
229450_at,-1.8183848323140168,-0.7833932426661947,-1.3008890374901059,-1.3008890374901059
229450_at,-1.8183848323140168,-0.7833932426661947,-1.3008890374901059,-1.3008890374901059
1556504_at,-1.9634516567203248,-0.6253285972543532,-1.294390126987339,-1.294390126987339
1556504_at,-1.9634516567203248,-0.6253285972543532,-1.294390126987339,-1.294390126987339
207375_s_at,-1.767743781882071,-0.7996427031719806,-1.2836932425270258,-1.2836932425270258
207375_s_at,-1.767743781882071,-0.7996427031719806,-1.2836932425270258,-1.2836932425270258
1569566_at,-1.5093694563713482,-0.8953634984558904,-1.2023664774136194,-1.2023664774136194
1569566_at,-1.5093694563713482,-0.8953634984558904,-1.2023664774136194,-1.2023664774136194
212230_at,-1.4802399351795412,-0.9034050724794862,-1.1918225038295138,-1.1918225038295138
212230_at,-1.4802399351795412,-0.9034050724794862,-1.1918225038295138,-1.1918225038295138
217511_at,-1.7761461046458957,-0.5987075318759004,-1.187426818260898,-1.187426818260898
217511_at,-1.7761461046458957,-0.5987075318759004,-1.187426818260898,-1.187426818260898
215791_at,-1.8299526258821657,-0.5272156585592175,-1.1785841422206915,-1.1785841422206915
215791_at,-1.8299526258821657,-0.5272156585592175,-1.1785841422206915,-1.1785841422206915
226223_at,-1.7803445052063092,-0.5756023370132195,-1.1779734211097643,-1.1779734211097643
226223_at,-1.7803445052063092,-0.5756023370132195,-1.1779734211097643,-1.1779734211097643
204004_at,-1.6662354138373348,-0.6816323138077695,-1.173933863822552,-1.173933863822552
204004_at,-1.6662354138373348,-0.6816323138077695,-1.173933863822552,-1.173933863822552
219863_at,-1.8333435361721435,-0.5037935975302394,-1.1685685668511914,-1.1685685668511914
219863_at,-1.8333435361721435,-0.5037935975302394,-1.1685685668511914,-1.1685685668511914
242109_at,-1.8706694487960709,-0.4564423410998034,-1.1635558949479372,-1.1635558949479372
242109_at,-1.8706694487960709,-0.4564423410998034,-1.1635558949479372,-1.1635558949479372
204005_s_at,-1.5531497220222923,-0.700561451947873,-1.1268555869850827,-1.1268555869850827
204005_s_at,-1.5531497220222923,-0.700561451947873,-1.1268555869850827,-1.1268555869850827
216899_s_at,-1.6989611792996726,-0.5500443474669411,-1.124502763383307,-1.124502763383307
216899_s_at,-1.6989611792996726,-0.5500443474669411,-1.124502763383307,-1.124502763383307
211478_s_at,-1.4456411219221204,-0.7771003737699806,-1.1113707478460504,-1.1113707478460504
211478_s_at,-1.4456411219221204,-0.7771003737699806,-1.1113707478460504,-1.1113707478460504
229228_at,-1.515419515339521,-0.6768669205586946,-1.0961432179491077,-1.0961432179491077
229228_at,-1.515419515339521,-0.6768669205586946,-1.0961432179491077,-1.0961432179491077
231890_at,-1.7007015046007814,-0.46362610121168274,-1.0821638029062322,-1.0821638029062322
231890_at,-1.7007015046007814,-0.46362610121168274,-1.0821638029062322,-1.0821638029062322
241247_at,-1.516419956551682,-0.575699962339106,-1.046059959445394,-1.046059959445394
241247_at,-1.516419956551682,-0.575699962339106,-1.046059959445394,-1.046059959445394
223017_at,-1.5072421910543938,-0.5499792382845692,-1.0286107146694814,-1.0286107146694814
223017_at,-1.5072421910543938,-0.5499792382845692,-1.0286107146694814,-1.0286107146694814
206023_at,-1.489883967157743,-0.5572854832753249,-1.023584725216534,-1.023584725216534
206023_at,-1.489883967157743,-0.5572854832753249,-1.023584725216534,-1.023584725216534
237442_at,-1.5250128313703626,-0.5175680501918324,-1.0212904407810974,-1.0212904407810974
237442_at,-1.5250128313703626,-0.5175680501918324,-1.0212904407810974,-1.0212904407810974
217551_at,-1.4614976188158983,-0.580768291126509,-1.0211329549712036,-1.0211329549712036
217551_at,-1.4614976188158983,-0.580768291126509,-1.0211329549712036,-1.0211329549712036
213093_at,-1.1984419225561103,-0.8319656132442709,-1.0152037679001906,-1.0152037679001906
213093_at,-1.1984419225561103,-0.8319656132442709,-1.0152037679001906,-1.0152037679001906
228450_at,-1.4934768495057191,-0.5361888019474661,-1.0148328257265926,-1.0148328257265926
228450_at,-1.4934768495057191,-0.5361888019474661,-1.0148328257265926,-1.0148328257265926
229380_at,-1.1824590290300354,-0.8294540656045244,-1.0059565473172798,-1.0059565473172798
229380_at,-1.1824590290300354,-0.8294540656045244,-1.0059565473172798,-1.0059565473172798
1554062_at,-1.3464320117630568,-0.65037092430079,-0.9984014680319234,-0.9984014680319234
1554062_at,-1.3464320117630568,-0.65037092430079,-0.9984014680319234,-0.9984014680319234
1554689_a_at,-1.2103561405646128,-0.7654877111199317,-0.9879219258422722,-0.9879219258422722
1554689_a_at,-1.2103561405646128,-0.7654877111199317,-0.9879219258422722,-0.9879219258422722
215564_at,-1.63366006006627,-0.34105148601596197,-0.987355773041116,-0.987355773041116
215564_at,-1.63366006006627,-0.34105148601596197,-0.987355773041116,-0.987355773041116
1555464_at,-1.2938919770936759,-0.6643435395454614,-0.9791177583195687,-0.9791177583195687
1555464_at,-1.2938919770936759,-0.6643435395454614,-0.9791177583195687,-0.9791177583195687
1554397_s_at,-1.4821974056003473,-0.47521956524753795,-0.9787084854239426,-0.9787084854239426
1554397_s_at,-1.4821974056003473,-0.47521956524753795,-0.9787084854239426,-0.9787084854239426
217400_at,-1.250325011375277,-0.7040317022138185,-0.9771783567945478,-0.9771783567945478
217400_at,-1.250325011375277,-0.7040317022138185,-0.9771783567945478,-0.9771783567945478
229485_x_at,-1.4953461244766582,-0.45734435653851835,-0.9763452405075883,-0.9763452405075883
229485_x_at,-1.4953461244766582,-0.45734435653851835,-0.9763452405075883,-0.9763452405075883
205891_at,-1.389907647933293,-0.5551812264777511,-0.9725444372055221,-0.9725444372055221
205891_at,-1.389907647933293,-0.5551812264777511,-0.9725444372055221,-0.9725444372055221
1563420_at,-1.3409643823296145,-0.6038630316176411,-0.9724137069736278,-0.9724137069736278
1563420_at,-1.3409643823296145,-0.6038630316176411,-0.9724137069736278,-0.9724137069736278
234432_at,-1.681844003294545,-0.24691368698230326,-0.9643788451384241,-0.9643788451384241
234432_at,-1.681844003294545,-0.24691368698230326,-0.9643788451384241,-0.9643788451384241
239458_at,-1.3513417529965894,-0.5541121634851837,-0.9527269582408866,-0.9527269582408866
239458_at,-1.3513417529965894,-0.5541121634851837,-0.9527269582408866,-0.9527269582408866
210164_at,-1.3026764892534795,-0.5767918278525392,-0.9397341585530093,-0.9397341585530093
210164_at,-1.3026764892534795,-0.5767918278525392,-0.9397341585530093,-0.9397341585530093
227807_at,-1.3476767719464022,-0.5272765351986661,-0.9374766535725342,-0.9374766535725342
227807_at,-1.3476767719464022,-0.5272765351986661,-0.9374766535725342,-0.9374766535725342
233778_at,-1.3476213291333388,-0.5183632460853095,-0.9329922876093242,-0.9329922876093242
233778_at,-1.3476213291333388,-0.5183632460853095,-0.9329922876093242,-0.9329922876093242
1561403_at,-1.4124706145018737,-0.4511601471084769,-0.9318153808051753,-0.9318153808051753
1561403_at,-1.4124706145018737,-0.4511601471084769,-0.9318153808051753,-0.9318153808051753
208715_at,-1.4762732937115823,-0.377493966795618,-0.9268836302536001,-0.9268836302536001
208715_at,-1.4762732937115823,-0.377493966795618,-0.9268836302536001,-0.9268836302536001
228266_s_at,-1.341115393437594,-0.5122576516203714,-0.9266865225289826,-0.9266865225289826
228266_s_at,-1.341115393437594,-0.5122576516203714,-0.9266865225289826,-0.9266865225289826
202086_at,-1.5023088752839762,-0.3491461819787828,-0.9257275286313795,-0.9257275286313795
202086_at,-1.5023088752839762,-0.3491461819787828,-0.9257275286313795,-0.9257275286313795
1552726_at,-1.1543565544690046,-0.6945422659584405,-0.9244494102137226,-0.9244494102137226
1552726_at,-1.1543565544690046,-0.6945422659584405,-0.9244494102137226,-0.9244494102137226
205660_at,-1.3314666826874288,-0.5145654093493731,-0.9230160460184009,-0.9230160460184009
205660_at,-1.3314666826874288,-0.5145654093493731,-0.9230160460184009,-0.9230160460184009
1556235_at,-1.3497374785281564,-0.4882594739677786,-0.9189984762479675,-0.9189984762479675
1556235_at,-1.3497374785281564,-0.4882594739677786,-0.9189984762479675,-0.9189984762479675
121_at,-1.2959413357640819,-0.5405365856246601,-0.918238960694371,-0.918238960694371
121_at,-1.2959413357640819,-0.5405365856246601,-0.918238960694371,-0.918238960694371
1557466_at,-1.400480958190335,-0.43118308072675937,-0.9158320194585472,-0.9158320194585472
1557466_at,-1.400480958190335,-0.43118308072675937,-0.9158320194585472,-0.9158320194585472
242471_at,-1.4104045837062276,-0.40269431168333647,-0.906549447694782,-0.906549447694782
242471_at,-1.4104045837062276,-0.40269431168333647,-0.906549447694782,-0.906549447694782
1555912_at,-1.322587334772937,-0.4811515731741305,-0.9018694539735338,-0.9018694539735338
1555912_at,-1.322587334772937,-0.4811515731741305,-0.9018694539735338,-0.9018694539735338
243515_at,-1.3821942737637278,-0.3941410873525726,-0.8881676805581502,-0.8881676805581502
243515_at,-1.3821942737637278,-0.3941410873525726,-0.8881676805581502,-0.8881676805581502
1561421_a_at,-1.340847483726447,-0.42971706008001537,-0.8852822719032312,-0.8852822719032312
1561421_a_at,-1.340847483726447,-0.42971706008001537,-0.8852822719032312,-0.8852822719032312
1405_i_at,-1.3140904675091551,-0.455170174765241,-0.8846303211371981,-0.8846303211371981
1405_i_at,-1.3140904675091551,-0.455170174765241,-0.8846303211371981,-0.8846303211371981
204211_x_at,-1.3246493705261324,-0.43507381010061685,-0.8798615903133746,-0.8798615903133746
204211_x_at,-1.3246493705261324,-0.43507381010061685,-0.8798615903133746,-0.8798615903133746
1568713_a_at,-1.0444014888069901,-0.7086718741863451,-0.8765366814966676,-0.8765366814966676
1568713_a_at,-1.0444014888069901,-0.7086718741863451,-0.8765366814966676,-0.8765366814966676
203717_at,-1.1392873718613188,-0.6010830087743202,-0.8701851903178195,-0.8701851903178195
203717_at,-1.1392873718613188,-0.6010830087743202,-0.8701851903178195,-0.8701851903178195
238385_at,-1.3068301706888545,-0.4209830349001375,-0.863906602794496,-0.863906602794496
238385_at,-1.3068301706888545,-0.4209830349001375,-0.863906602794496,-0.863906602794496
203143_s_at,-1.3619284144061012,-0.35166051245865176,-0.8567944634323765,-0.8567944634323765
203143_s_at,-1.3619284144061012,-0.35166051245865176,-0.8567944634323765,-0.8567944634323765
212262_at,-1.1808917266409475,-0.5308244368870425,-0.855858081763995,-0.855858081763995
212262_at,-1.1808917266409475,-0.5308244368870425,-0.855858081763995,-0.855858081763995
201999_s_at,-1.5499700837253658,-0.1611634471992724,-0.8555667654623191,-0.8555667654623191
201999_s_at,-1.5499700837253658,-0.1611634471992724,-0.8555667654623191,-0.8555667654623191
236660_at,-1.1296795543106808,-0.5776962888891414,-0.8536879215999111,-0.8536879215999111
236660_at,-1.1296795543106808,-0.5776962888891414,-0.8536879215999111,-0.8536879215999111
206589_at,-1.1019211419331616,-0.588603750772074,-0.8452624463526178,-0.8452624463526178
206589_at,-1.1019211419331616,-0.588603750772074,-0.8452624463526178,-0.8452624463526178
239688_at,-1.1666832861153535,-0.511442595213871,-0.8390629406646123,-0.8390629406646123
239688_at,-1.1666832861153535,-0.511442595213871,-0.8390629406646123,-0.8390629406646123
205379_at,-1.3693471172479161,-0.30730733440206476,-0.8383272258249904,-0.8383272258249904
205379_at,-1.3693471172479161,-0.30730733440206476,-0.8383272258249904,-0.8383272258249904
202254_at,-1.2913977970572317,-0.3798766196364309,-0.8356372083468313,-0.8356372083468313
202254_at,-1.2913977970572317,-0.3798766196364309,-0.8356372083468313,-0.8356372083468313
238423_at,-1.2579595590182904,-0.41282084206638303,-0.8353902005423367,-0.8353902005423367
238423_at,-1.2579595590182904,-0.41282084206638303,-0.8353902005423367,-0.8353902005423367
215772_x_at,-1.4105033979084678,-0.2522411795859994,-0.8313722887472336,-0.8313722887472336
215772_x_at,-1.4105033979084678,-0.2522411795859994,-0.8313722887472336,-0.8313722887472336
212459_x_at,-1.3965884277385405,-0.2600948856993434,-0.828341656718942,-0.828341656718942
212459_x_at,-1.3965884277385405,-0.2600948856993434,-0.828341656718942,-0.828341656718942
218862_at,-0.9710990663259649,-0.6854352608204,-0.8282671635731824,-0.8282671635731824
218862_at,-0.9710990663259649,-0.6854352608204,-0.8282671635731824,-0.8282671635731824
212226_s_at,-1.0364827906274283,-0.6195632347777625,-0.8280230127025954,-0.8280230127025954
212226_s_at,-1.0364827906274283,-0.6195632347777625,-0.8280230127025954,-0.8280230127025954
1552727_s_at,-0.9658054505776416,-0.6772229515038128,-0.8215142010407273,-0.8215142010407273
1552727_s_at,-0.9658054505776416,-0.6772229515038128,-0.8215142010407273,-0.8215142010407273
1552402_at,-1.3725567007238109,-0.2677515738365358,-0.8201541372801733,-0.8201541372801733
1552402_at,-1.3725567007238109,-0.2677515738365358,-0.8201541372801733,-0.8201541372801733
244070_at,-1.347745301549746,-0.29197656951108414,-0.8198609355304151,-0.8198609355304151
244070_at,-1.347745301549746,-0.29197656951108414,-0.8198609355304151,-0.8198609355304151
226187_at,-1.2239811512359344,-0.39186034748917936,-0.8079207493625569,-0.8079207493625569
226187_at,-1.2239811512359344,-0.39186034748917936,-0.8079207493625569,-0.8079207493625569
207069_s_at,-1.0344608183004746,-0.5595907570085392,-0.7970257876545069,-0.7970257876545069
207069_s_at,-1.0344608183004746,-0.5595907570085392,-0.7970257876545069,-0.7970257876545069
1555759_a_at,-1.217335094975746,-0.37072262854145394,-0.7940288617586,-0.7940288617586
1555759_a_at,-1.217335094975746,-0.37072262854145394,-0.7940288617586,-0.7940288617586
208475_at,-1.0250636232008323,-0.5545277117584552,-0.7897956674796438,-0.7897956674796438
208475_at,-1.0250636232008323,-0.5545277117584552,-0.7897956674796438,-0.7897956674796438
207303_at,-1.1893053726812153,-0.3899240346315532,-0.7896147036563842,-0.7896147036563842
207303_at,-1.1893053726812153,-0.3899240346315532,-0.7896147036563842,-0.7896147036563842
212838_at,-1.044363164727362,-0.532249091893581,-0.7883061283104715,-0.7883061283104715
212838_at,-1.044363164727362,-0.532249091893581,-0.7883061283104715,-0.7883061283104715
240145_at,-1.0225323591846798,-0.5507239644876731,-0.7866281618361765,-0.7866281618361765
240145_at,-1.0225323591846798,-0.5507239644876731,-0.7866281618361765,-0.7866281618361765
226757_at,-1.2408154861082308,-0.32401577641274937,-0.7824156312604901,-0.7824156312604901
226757_at,-1.2408154861082308,-0.32401577641274937,-0.7824156312604901,-0.7824156312604901
218353_at,-1.3407807185764198,-0.22263148283023887,-0.7817061007033294,-0.7817061007033294
218353_at,-1.3407807185764198,-0.22263148283023887,-0.7817061007033294,-0.7817061007033294
207819_s_at,-1.1460404752558335,-0.41094264108617184,-0.7784915581710027,-0.7784915581710027
207819_s_at,-1.1460404752558335,-0.41094264108617184,-0.7784915581710027,-0.7784915581710027
223477_s_at,-1.2256996941226235,-0.32982400887987523,-0.7777618515012493,-0.7777618515012493
223477_s_at,-1.2256996941226235,-0.32982400887987523,-0.7777618515012493,-0.7777618515012493
241300_at,-1.0927706721745831,-0.4539117487332481,-0.7733412104539156,-0.7733412104539156
241300_at,-1.0927706721745831,-0.4539117487332481,-0.7733412104539156,-0.7733412104539156
228531_at,-1.333005296505069,-0.2124172102250994,-0.7727112533650842,-0.7727112533650842
228531_at,-1.333005296505069,-0.2124172102250994,-0.7727112533650842,-0.7727112533650842
232379_at,-1.256082289742508,-0.28363093722107124,-0.7698566134817896,-0.7698566134817896
232379_at,-1.256082289742508,-0.28363093722107124,-0.7698566134817896,-0.7698566134817896
225113_at,-1.2117349574003313,-0.3197620829667376,-0.7657485201835345,-0.7657485201835345
225113_at,-1.2117349574003313,-0.3197620829667376,-0.7657485201835345,-0.7657485201835345
211084_x_at,-1.3126044380933641,-0.21777773521458926,-0.7651910866539767,-0.7651910866539767
211084_x_at,-1.3126044380933641,-0.21777773521458926,-0.7651910866539767,-0.7651910866539767
227375_at,-1.2745879463462335,-0.2505492799522585,-0.762568613149246,-0.762568613149246
227375_at,-1.2745879463462335,-0.2505492799522585,-0.762568613149246,-0.762568613149246
207871_s_at,-0.9823420595140726,-0.5391974732311225,-0.7607697663725976,-0.7607697663725976
207871_s_at,-0.9823420595140726,-0.5391974732311225,-0.7607697663725976,-0.7607697663725976
207688_s_at,-1.2941680497383357,-0.22086104758402805,-0.7575145486611818,-0.7575145486611818
207688_s_at,-1.2941680497383357,-0.22086104758402805,-0.7575145486611818,-0.7575145486611818
203680_at,-1.0847692812135672,-0.42826763650278143,-0.7565184588581744,-0.7565184588581744
203680_at,-1.0847692812135672,-0.42826763650278143,-0.7565184588581744,-0.7565184588581744
210292_s_at,-1.200611906404094,-0.3081727181376061,-0.7543923122708501,-0.7543923122708501
210292_s_at,-1.200611906404094,-0.3081727181376061,-0.7543923122708501,-0.7543923122708501
1556527_a_at,-1.0550508918356618,-0.44813344231224406,-0.7515921670739529,-0.7515921670739529
1556527_a_at,-1.0550508918356618,-0.44813344231224406,-0.7515921670739529,-0.7515921670739529
1555158_at,-1.1624131891599083,-0.34003468426569183,-0.7512239367128001,-0.7512239367128001
1555158_at,-1.1624131891599083,-0.34003468426569183,-0.7512239367128001,-0.7512239367128001
227905_s_at,-1.2110423924210545,-0.28672150018622483,-0.7488819463036397,-0.7488819463036397
227905_s_at,-1.2110423924210545,-0.28672150018622483,-0.7488819463036397,-0.7488819463036397
212196_at,-1.11237829219829,-0.3852927933163577,-0.7488355427573239,-0.7488355427573239
212196_at,-1.11237829219829,-0.3852927933163577,-0.7488355427573239,-0.7488355427573239
220282_at,-1.1875641453861676,-0.308258944554629,-0.7479115449703984,-0.7479115449703984
220282_at,-1.1875641453861676,-0.308258944554629,-0.7479115449703984,-0.7479115449703984
227250_at,-1.0443316429629204,-0.4504754370554139,-0.7474035400091671,-0.7474035400091671
227250_at,-1.0443316429629204,-0.4504754370554139,-0.7474035400091671,-0.7474035400091671
232555_at,-1.0373577705439794,-0.45425066170286504,-0.7458042161234222,-0.7458042161234222
232555_at,-1.0373577705439794,-0.45425066170286504,-0.7458042161234222,-0.7458042161234222
218276_s_at,-1.1648226243044661,-0.3163753070569687,-0.7405989656807175,-0.7405989656807175
218276_s_at,-1.1648226243044661,-0.3163753070569687,-0.7405989656807175,-0.7405989656807175
202445_s_at,-1.202384749189163,-0.27512999899923835,-0.7387573740942007,-0.7387573740942007
202445_s_at,-1.202384749189163,-0.27512999899923835,-0.7387573740942007,-0.7387573740942007
235644_at,-0.9167773347937422,-0.5504693138279342,-0.7336233243108382,-0.7336233243108382
235644_at,-0.9167773347937422,-0.5504693138279342,-0.7336233243108382,-0.7336233243108382
1560051_at,-1.0554095349584407,-0.40618021095841494,-0.7307948729584278,-0.7307948729584278
1560051_at,-1.0554095349584407,-0.40618021095841494,-0.7307948729584278,-0.7307948729584278
207275_s_at,-1.1347222246601423,-0.3264336856409035,-0.7305779551505229,-0.7305779551505229
207275_s_at,-1.1347222246601423,-0.3264336856409035,-0.7305779551505229,-0.7305779551505229
203716_s_at,-1.0933865569920955,-0.366009387728679,-0.7296979723603872,-0.7296979723603872
203716_s_at,-1.0933865569920955,-0.366009387728679,-0.7296979723603872,-0.7296979723603872
206923_at,-0.9017651092315865,-0.5573731385157578,-0.7295691238736721,-0.7295691238736721
206923_at,-0.9017651092315865,-0.5573731385157578,-0.7295691238736721,-0.7295691238736721
215195_at,-0.8484728752826003,-0.6003873712575374,-0.7244301232700688,-0.7244301232700688
215195_at,-0.8484728752826003,-0.6003873712575374,-0.7244301232700688,-0.7244301232700688
204779_s_at,-1.0206626475917435,-0.4263127456169542,-0.7234876966043489,-0.7234876966043489
204779_s_at,-1.0206626475917435,-0.4263127456169542,-0.7234876966043489,-0.7234876966043489
213906_at,-0.7944754147137597,-0.6524311312972754,-0.7234532730055175,-0.7234532730055175
213906_at,-0.7944754147137597,-0.6524311312972754,-0.7234532730055175,-0.7234532730055175
225255_at,-1.049268226415409,-0.3950627063248613,-0.7221654663701351,-0.7221654663701351
225255_at,-1.049268226415409,-0.3950627063248613,-0.7221654663701351,-0.7221654663701351
209406_at,-1.0793997083491778,-0.358839380510801,-0.7191195444299894,-0.7191195444299894
209406_at,-1.0793997083491778,-0.358839380510801,-0.7191195444299894,-0.7191195444299894
224994_at,-1.11220855892505,-0.3233134708362376,-0.7177610148806439,-0.7177610148806439
224994_at,-1.11220855892505,-0.3233134708362376,-0.7177610148806439,-0.7177610148806439
224534_at,-1.100154569013673,-0.33386472006050716,-0.71700964453709,-0.71700964453709
224534_at,-1.100154569013673,-0.33386472006050716,-0.71700964453709,-0.71700964453709
214008_at,-1.0927587707579185,-0.33977547517832535,-0.7162671229681219,-0.7162671229681219
214008_at,-1.0927587707579185,-0.33977547517832535,-0.7162671229681219,-0.7162671229681219
1557493_x_at,-1.1665130288415633,-0.2554550831996805,-0.7109840560206219,-0.7109840560206219
1557493_x_at,-1.1665130288415633,-0.2554550831996805,-0.7109840560206219,-0.7109840560206219
239952_at,-0.948827689299148,-0.464927396624968,-0.706877542962058,-0.706877542962058
239952_at,-0.948827689299148,-0.464927396624968,-0.706877542962058,-0.706877542962058
208536_s_at,-0.9327717736273549,-0.4797833946039933,-0.7062775841156741,-0.7062775841156741
208536_s_at,-0.9327717736273549,-0.4797833946039933,-0.7062775841156741,-0.7062775841156741
220518_at,-1.1031912048666683,-0.30816332191831475,-0.7056772633924915,-0.7056772633924915
220518_at,-1.1031912048666683,-0.30816332191831475,-0.7056772633924915,-0.7056772633924915
1558143_a_at,-0.9104455108599558,-0.5005096816246167,-0.7054775962422863,-0.7054775962422863
1558143_a_at,-0.9104455108599558,-0.5005096816246167,-0.7054775962422863,-0.7054775962422863
227687_at,-1.0849999265455428,-0.322555088853762,-0.7037775076996524,-0.7037775076996524
227687_at,-1.0849999265455428,-0.322555088853762,-0.7037775076996524,-0.7037775076996524
201212_at,-0.8864593700966353,-0.5172719796496034,-0.7018656748731193,-0.7018656748731193
201212_at,-0.8864593700966353,-0.5172719796496034,-0.7018656748731193,-0.7018656748731193
1567241_at,-1.2336755416575556,-0.16791813838876804,-0.7007968400231618,-0.7007968400231618
1567241_at,-1.2336755416575556,-0.16791813838876804,-0.7007968400231618,-0.7007968400231618
232650_at,-1.0231788583200168,-0.37404082314139264,-0.6986098407307046,-0.6986098407307046
232650_at,-1.0231788583200168,-0.37404082314139264,-0.6986098407307046,-0.6986098407307046
217502_at,-1.009342794555825,-0.38533240237929844,-0.6973375984675618,-0.6973375984675618
217502_at,-1.009342794555825,-0.38533240237929844,-0.6973375984675618,-0.6973375984675618
228555_at,-1.0171835770528606,-0.376468611164089,-0.6968260941084747,-0.6968260941084747
228555_at,-1.0171835770528606,-0.376468611164089,-0.6968260941084747,-0.6968260941084747
236973_at,-1.0010662580418528,-0.38964010781031744,-0.6953531829260851,-0.6953531829260851
236973_at,-1.0010662580418528,-0.38964010781031744,-0.6953531829260851,-0.6953531829260851
208088_s_at,-1.1751251010714743,-0.20934602087472756,-0.6922355609731009,-0.6922355609731009
208088_s_at,-1.1751251010714743,-0.20934602087472756,-0.6922355609731009,-0.6922355609731009
34689_at,-0.9431828864815447,-0.4367723107189963,-0.6899775986002705,-0.6899775986002705
34689_at,-0.9431828864815447,-0.4367723107189963,-0.6899775986002705,-0.6899775986002705
209355_s_at,-0.908629279688627,-0.4690342681195413,-0.6888317739040841,-0.6888317739040841
209355_s_at,-0.908629279688627,-0.4690342681195413,-0.6888317739040841,-0.6888317739040841
1560724_at,-1.0790582630718253,-0.29553817709531705,-0.6872982200835711,-0.6872982200835711
1560724_at,-1.0790582630718253,-0.29553817709531705,-0.6872982200835711,-0.6872982200835711
219062_s_at,-1.3969577934552349,0.024085383703423495,-0.6864362048759057,-0.6864362048759057
219062_s_at,-1.3969577934552349,0.024085383703423495,-0.6864362048759057,-0.6864362048759057
218400_at,-0.9710691689402249,-0.3953329729844964,-0.6832010709623606,-0.6832010709623606
218400_at,-0.9710691689402249,-0.3953329729844964,-0.6832010709623606,-0.6832010709623606
224019_at,-1.111611968581523,-0.24544554685058204,-0.6785287577160525,-0.6785287577160525
224019_at,-1.111611968581523,-0.24544554685058204,-0.6785287577160525,-0.6785287577160525
225019_at,-1.1048118226519885,-0.2516137556838228,-0.6782127891679057,-0.6782127891679057
225019_at,-1.1048118226519885,-0.2516137556838228,-0.6782127891679057,-0.6782127891679057
238178_at,-0.8340731254833507,-0.5164546100200335,-0.675263867751692,-0.675263867751692
238178_at,-0.8340731254833507,-0.5164546100200335,-0.675263867751692,-0.675263867751692
208011_at,-1.0256318760994754,-0.31708273975893303,-0.6713573079292042,-0.6713573079292042
208011_at,-1.0256318760994754,-0.31708273975893303,-0.6713573079292042,-0.6713573079292042
219471_at,-0.9421263769676123,-0.3950156225910661,-0.6685709997793392,-0.6685709997793392
219471_at,-0.9421263769676123,-0.3950156225910661,-0.6685709997793392,-0.6685709997793392
228551_at,-0.9412678140016209,-0.39307928767982997,-0.6671735508407254,-0.6671735508407254
228551_at,-0.9412678140016209,-0.39307928767982997,-0.6671735508407254,-0.6671735508407254
203153_at,-0.9890934609741956,-0.3451183464498344,-0.6671059037120151,-0.6671059037120151
203153_at,-0.9890934609741956,-0.3451183464498344,-0.6671059037120151,-0.6671059037120151
219490_s_at,-1.0039967162117,-0.32900625863097477,-0.6665014874213374,-0.6665014874213374
219490_s_at,-1.0039967162117,-0.32900625863097477,-0.6665014874213374,-0.6665014874213374
204747_at,-1.0076453436284154,-0.32407818382650266,-0.6658617637274591,-0.6658617637274591
204747_at,-1.0076453436284154,-0.32407818382650266,-0.6658617637274591,-0.6658617637274591
217441_at,-1.0406733052763812,-0.2901269830662365,-0.6654001441713089,-0.6654001441713089
217441_at,-1.0406733052763812,-0.2901269830662365,-0.6654001441713089,-0.6654001441713089
235962_at,-0.9351493638937869,-0.38944683484680725,-0.662298099370297,-0.662298099370297
235962_at,-0.9351493638937869,-0.38944683484680725,-0.662298099370297,-0.662298099370297
1556643_at,-1.1090667725477756,-0.21279526014559888,-0.6609310163466873,-0.6609310163466873
1556643_at,-1.1090667725477756,-0.21279526014559888,-0.6609310163466873,-0.6609310163466873
225576_at,-1.2111236126924758,-0.10831429452523411,-0.659718953608855,-0.659718953608855
225576_at,-1.2111236126924758,-0.10831429452523411,-0.659718953608855,-0.659718953608855
237849_at,-0.9409463913227807,-0.3752454214561047,-0.6580959063894427,-0.6580959063894427
237849_at,-0.9409463913227807,-0.3752454214561047,-0.6580959063894427,-0.6580959063894427
223278_at,-0.856759439957263,-0.4581240089441471,-0.657441724450705,-0.657441724450705
223278_at,-0.856759439957263,-0.4581240089441471,-0.657441724450705,-0.657441724450705
202702_at,-0.9841068177228551,-0.32324837574574866,-0.6536775967343019,-0.6536775967343019
202702_at,-0.9841068177228551,-0.32324837574574866,-0.6536775967343019,-0.6536775967343019
222949_at,-0.9557324739719577,-0.35069832848423066,-0.6532154012280942,-0.6532154012280942
222949_at,-0.9557324739719577,-0.35069832848423066,-0.6532154012280942,-0.6532154012280942
225606_at,-0.8887482916474628,-0.4174873157455617,-0.6531178036965123,-0.6531178036965123
225606_at,-0.8887482916474628,-0.4174873157455617,-0.6531178036965123,-0.6531178036965123
239543_s_at,-0.8683421241834071,-0.43750415184837593,-0.6529231380158915,-0.6529231380158915
239543_s_at,-0.8683421241834071,-0.43750415184837593,-0.6529231380158915,-0.6529231380158915
237032_x_at,-1.0235093881327217,-0.2764408886448773,-0.6499751383887995,-0.6499751383887995
237032_x_at,-1.0235093881327217,-0.2764408886448773,-0.6499751383887995,-0.6499751383887995
241801_at,-0.8022709330413876,-0.49623570039042164,-0.6492533167159047,-0.6492533167159047
241801_at,-0.8022709330413876,-0.49623570039042164,-0.6492533167159047,-0.6492533167159047
216626_at,-1.0130126837040958,-0.28285633039244484,-0.6479345070482703,-0.6479345070482703
216626_at,-1.0130126837040958,-0.28285633039244484,-0.6479345070482703,-0.6479345070482703
234625_at,-1.100463674692646,-0.1835407600941919,-0.6420022173934189,-0.6420022173934189
234625_at,-1.100463674692646,-0.1835407600941919,-0.6420022173934189,-0.6420022173934189
230660_at,-0.7730091407245755,-0.5097151807050013,-0.6413621607147884,-0.6413621607147884
230660_at,-0.7730091407245755,-0.5097151807050013,-0.6413621607147884,-0.6413621607147884
238921_at,-0.9742116381924395,-0.29876783002007773,-0.6364897341062586,-0.6364897341062586
238921_at,-0.9742116381924395,-0.29876783002007773,-0.6364897341062586,-0.6364897341062586
226231_at,-0.8826601461943518,-0.38666519468801125,-0.6346626704411815,-0.6346626704411815
226231_at,-0.8826601461943518,-0.38666519468801125,-0.6346626704411815,-0.6346626704411815
233479_at,-0.8121579039249737,-0.44646157007315884,-0.6293097369990662,-0.6293097369990662
233479_at,-0.8121579039249737,-0.44646157007315884,-0.6293097369990662,-0.6293097369990662
1561085_at,-1.1086937785399669,-0.14694785031518834,-0.6278208144275776,-0.6278208144275776
1561085_at,-1.1086937785399669,-0.14694785031518834,-0.6278208144275776,-0.6278208144275776
244065_at,-1.050995258014014,-0.2045042158038861,-0.6277497369089501,-0.6277497369089501
244065_at,-1.050995258014014,-0.2045042158038861,-0.6277497369089501,-0.6277497369089501
223046_at,-0.7274036513274428,-0.5258652908591575,-0.6266344710933001,-0.6266344710933001
223046_at,-0.7274036513274428,-0.5258652908591575,-0.6266344710933001,-0.6266344710933001
216738_at,-1.0886025584368046,-0.16456679490192208,-0.6265846766693633,-0.6265846766693633
216738_at,-1.0886025584368046,-0.16456679490192208,-0.6265846766693633,-0.6265846766693633
204593_s_at,-1.0719632912285488,-0.18096372886852732,-0.6264635100485381,-0.6264635100485381
204593_s_at,-1.0719632912285488,-0.18096372886852732,-0.6264635100485381,-0.6264635100485381
242112_at,-0.9351968864135313,-0.3154448921916915,-0.6253208893026114,-0.6253208893026114
242112_at,-0.9351968864135313,-0.3154448921916915,-0.6253208893026114,-0.6253208893026114
240365_at,-0.7541101385500835,-0.49606687022409107,-0.6250885043870873,-0.6250885043870873
240365_at,-0.7541101385500835,-0.49606687022409107,-0.6250885043870873,-0.6250885043870873
220576_at,-0.9310282637713325,-0.3165872155456439,-0.6238077396584882,-0.6238077396584882
220576_at,-0.9310282637713325,-0.3165872155456439,-0.6238077396584882,-0.6238077396584882
221760_at,-0.9155228247114041,-0.3288388359919086,-0.6221808303516564,-0.6221808303516564
221760_at,-0.9155228247114041,-0.3288388359919086,-0.6221808303516564,-0.6221808303516564
1552301_a_at,-0.8691170753407185,-0.36679156221388454,-0.6179543187773016,-0.6179543187773016
1552301_a_at,-0.8691170753407185,-0.36679156221388454,-0.6179543187773016,-0.6179543187773016
207422_at,-0.9736779859252012,-0.26186376938272365,-0.6177708776539624,-0.6177708776539624
207422_at,-0.9736779859252012,-0.26186376938272365,-0.6177708776539624,-0.6177708776539624
1556352_at,-0.9821416950033625,-0.25186929657056883,-0.6170054957869656,-0.6170054957869656
1556352_at,-0.9821416950033625,-0.25186929657056883,-0.6170054957869656,-0.6170054957869656
220773_s_at,-0.9262002300950711,-0.3069185607844778,-0.6165593954397744,-0.6165593954397744
220773_s_at,-0.9262002300950711,-0.3069185607844778,-0.6165593954397744,-0.6165593954397744
1556134_a_at,-0.8810508233304137,-0.34826090246662994,-0.6146558628985218,-0.6146558628985218
1556134_a_at,-0.8810508233304137,-0.34826090246662994,-0.6146558628985218,-0.6146558628985218
227654_at,-0.9550730439256216,-0.2694833417249333,-0.6122781928252775,-0.6122781928252775
227654_at,-0.9550730439256216,-0.2694833417249333,-0.6122781928252775,-0.6122781928252775
205758_at,-0.8060463645559574,-0.41791773332650106,-0.6119820489412292,-0.6119820489412292
205758_at,-0.8060463645559574,-0.41791773332650106,-0.6119820489412292,-0.6119820489412292
225128_at,-0.665190224443749,-0.5526081902279877,-0.6088992073358683,-0.6088992073358683
225128_at,-0.665190224443749,-0.5526081902279877,-0.6088992073358683,-0.6088992073358683
221677_s_at,-0.7657481583632689,-0.449260415601643,-0.607504286982456,-0.607504286982456
221677_s_at,-0.7657481583632689,-0.449260415601643,-0.607504286982456,-0.607504286982456
202884_s_at,-0.9796029289265783,-0.23320117198530757,-0.606402050455943,-0.606402050455943
202884_s_at,-0.9796029289265783,-0.23320117198530757,-0.606402050455943,-0.606402050455943
209000_s_at,-0.7076762089933633,-0.5045668702862665,-0.6061215396398149,-0.6061215396398149
209000_s_at,-0.7076762089933633,-0.5045668702862665,-0.6061215396398149,-0.6061215396398149
1570212_a_at,-1.0949665166736753,-0.11702044218259315,-0.6059934794281342,-0.6059934794281342
1570212_a_at,-1.0949665166736753,-0.11702044218259315,-0.6059934794281342,-0.6059934794281342
232320_at,-0.7645028097536156,-0.44376082448815357,-0.6041318171208846,-0.6041318171208846
232320_at,-0.7645028097536156,-0.44376082448815357,-0.6041318171208846,-0.6041318171208846
222455_s_at,-0.904593398060746,-0.30276805593389267,-0.6036807269973193,-0.6036807269973193
222455_s_at,-0.904593398060746,-0.30276805593389267,-0.6036807269973193,-0.6036807269973193
243712_at,-0.975041998448247,-0.2319302070251735,-0.6034861027367102,-0.6034861027367102
243712_at,-0.975041998448247,-0.2319302070251735,-0.6034861027367102,-0.6034861027367102
231793_s_at,-0.9411065502164812,-0.26537421942954764,-0.6032403848230143,-0.6032403848230143
231793_s_at,-0.9411065502164812,-0.26537421942954764,-0.6032403848230143,-0.6032403848230143
224396_s_at,-0.8564879507917714,-0.3464298441677003,-0.6014588974797359,-0.6014588974797359
224396_s_at,-0.8564879507917714,-0.3464298441677003,-0.6014588974797359,-0.6014588974797359
1560031_at,-0.6124390483396552,-0.587391277938992,-0.5999151631393236,-0.5999151631393236
1560031_at,-0.6124390483396552,-0.587391277938992,-0.5999151631393236,-0.5999151631393236
205992_s_at,-0.8137327915142855,-0.3746985486086873,-0.5942156700614863,-0.5942156700614863
205992_s_at,-0.8137327915142855,-0.3746985486086873,-0.5942156700614863,-0.5942156700614863
234491_s_at,-0.7492717503243632,-0.42920620982226326,-0.5892389800733132,-0.5892389800733132
234491_s_at,-0.7492717503243632,-0.42920620982226326,-0.5892389800733132,-0.5892389800733132
238387_s_at,-0.9298081051066773,-0.24713120667580962,-0.5884696558912434,-0.5884696558912434
238387_s_at,-0.9298081051066773,-0.24713120667580962,-0.5884696558912434,-0.5884696558912434
241041_at,-0.8089588646644651,-0.3651776087898047,-0.5870682367271349,-0.5870682367271349
241041_at,-0.8089588646644651,-0.3651776087898047,-0.5870682367271349,-0.5870682367271349
227152_at,-0.716419542048472,-0.45756347445318374,-0.5869915082508279,-0.5869915082508279
227152_at,-0.716419542048472,-0.45756347445318374,-0.5869915082508279,-0.5869915082508279
225936_at,-1.1861375850730609,0.012706259429830488,-0.5867156628216152,-0.5867156628216152
225936_at,-1.1861375850730609,0.012706259429830488,-0.5867156628216152,-0.5867156628216152
230689_at,-0.8094540366623808,-0.3596272827105686,-0.5845406596864747,-0.5845406596864747
230689_at,-0.8094540366623808,-0.3596272827105686,-0.5845406596864747,-0.5845406596864747
232255_at,-0.980650538822424,-0.18277537493309137,-0.5817129568777577,-0.5817129568777577
232255_at,-0.980650538822424,-0.18277537493309137,-0.5817129568777577,-0.5817129568777577
1561161_at,-0.9928982056860123,-0.16388724620000192,-0.5783927259430071,-0.5783927259430071
1561161_at,-0.9928982056860123,-0.16388724620000192,-0.5783927259430071,-0.5783927259430071
236458_at,-0.8240640290126865,-0.33072152314859443,-0.5773927760806404,-0.5773927760806404
236458_at,-0.8240640290126865,-0.33072152314859443,-0.5773927760806404,-0.5773927760806404
1554866_at,-0.9570609405505973,-0.19324844771429875,-0.575154694132448,-0.575154694132448
1554866_at,-0.9570609405505973,-0.19324844771429875,-0.575154694132448,-0.575154694132448
211196_at,-0.988105069459332,-0.1565826345048236,-0.5723438519820778,-0.5723438519820778
211196_at,-0.988105069459332,-0.1565826345048236,-0.5723438519820778,-0.5723438519820778
1552713_a_at,-0.7356637916362881,-0.40770054516553733,-0.5716821684009128,-0.5716821684009128
1552713_a_at,-0.7356637916362881,-0.40770054516553733,-0.5716821684009128,-0.5716821684009128
220797_at,-0.7999069676230796,-0.3425367139222272,-0.5712218407726534,-0.5712218407726534
220797_at,-0.7999069676230796,-0.3425367139222272,-0.5712218407726534,-0.5712218407726534
225512_at,-1.0215348168955478,-0.11926369295847038,-0.570399254927009,-0.570399254927009
225512_at,-1.0215348168955478,-0.11926369295847038,-0.570399254927009,-0.570399254927009
36475_at,-0.9105867786540397,-0.2293794906759102,-0.569983134664975,-0.569983134664975
36475_at,-0.9105867786540397,-0.2293794906759102,-0.569983134664975,-0.569983134664975
244552_at,-0.6142066852615659,-0.5256659407631293,-0.5699363130123476,-0.5699363130123476
244552_at,-0.6142066852615659,-0.5256659407631293,-0.5699363130123476,-0.5699363130123476
243028_x_at,-0.8163145374764279,-0.3211699923042771,-0.5687422648903525,-0.5687422648903525
243028_x_at,-0.8163145374764279,-0.3211699923042771,-0.5687422648903525,-0.5687422648903525
1559618_at,-0.8569569653249495,-0.27991296603581106,-0.5684349656803802,-0.5684349656803802
1559618_at,-0.8569569653249495,-0.27991296603581106,-0.5684349656803802,-0.5684349656803802
203768_s_at,-0.9104089810995517,-0.2262146134040715,-0.5683117972518116,-0.5683117972518116
203768_s_at,-0.9104089810995517,-0.2262146134040715,-0.5683117972518116,-0.5683117972518116
239725_at,-0.7830674273023399,-0.353359580757749,-0.5682135040300444,-0.5682135040300444
239725_at,-0.7830674273023399,-0.353359580757749,-0.5682135040300444,-0.5682135040300444
229139_at,-0.46679796524111805,-0.6695608492622163,-0.5681794072516672,-0.5681794072516672
229139_at,-0.46679796524111805,-0.6695608492622163,-0.5681794072516672,-0.5681794072516672
1559631_at,-0.9426757162102928,-0.19149484442428077,-0.5670852803172868,-0.5670852803172868
1559631_at,-0.9426757162102928,-0.19149484442428077,-0.5670852803172868,-0.5670852803172868
208476_s_at,-0.7277014564004306,-0.4053481226533528,-0.5665247895268917,-0.5665247895268917
208476_s_at,-0.7277014564004306,-0.4053481226533528,-0.5665247895268917,-0.5665247895268917
1558553_at,-0.7577679610766257,-0.3750532319692487,-0.5664105965229372,-0.5664105965229372
1558553_at,-0.7577679610766257,-0.3750532319692487,-0.5664105965229372,-0.5664105965229372
230958_s_at,-0.855516399449713,-0.2771410104587122,-0.5663287049542126,-0.5663287049542126
230958_s_at,-0.855516399449713,-0.2771410104587122,-0.5663287049542126,-0.5663287049542126
222764_at,-0.8190758707650289,-0.3134550001667167,-0.5662654354658727,-0.5662654354658727
222764_at,-0.8190758707650289,-0.3134550001667167,-0.5662654354658727,-0.5662654354658727
1556701_at,-0.9090825979836298,-0.2227099022299308,-0.5658962501067804,-0.5658962501067804
1556701_at,-0.9090825979836298,-0.2227099022299308,-0.5658962501067804,-0.5658962501067804
1553608_a_at,-0.8511894268188397,-0.27872733019678164,-0.5649583785078107,-0.5649583785078107
1553608_a_at,-0.8511894268188397,-0.27872733019678164,-0.5649583785078107,-0.5649583785078107
228607_at,-0.8167516870619305,-0.3082872088583729,-0.5625194479601516,-0.5625194479601516
228607_at,-0.8167516870619305,-0.3082872088583729,-0.5625194479601516,-0.5625194479601516
1557690_x_at,-0.9308700172646481,-0.19367307027557099,-0.5622715437701096,-0.5622715437701096
1557690_x_at,-0.9308700172646481,-0.19367307027557099,-0.5622715437701096,-0.5622715437701096
211324_s_at,-0.793578384818831,-0.3293157351921628,-0.5614470600054969,-0.5614470600054969
211324_s_at,-0.793578384818831,-0.3293157351921628,-0.5614470600054969,-0.5614470600054969
1566426_at,-0.8968358556341025,-0.2259449144183967,-0.5613903850262496,-0.5613903850262496
1566426_at,-0.8968358556341025,-0.2259449144183967,-0.5613903850262496,-0.5613903850262496
210608_s_at,-0.9496715072458817,-0.17204465456622903,-0.5608580809060554,-0.5608580809060554
210608_s_at,-0.9496715072458817,-0.17204465456622903,-0.5608580809060554,-0.5608580809060554
231333_at,-0.9332297881364422,-0.1884330877740039,-0.5608314379552231,-0.5608314379552231
231333_at,-0.9332297881364422,-0.1884330877740039,-0.5608314379552231,-0.5608314379552231
232511_at,-0.8697834488630685,-0.24413873828553678,-0.5569610935743026,-0.5569610935743026
232511_at,-0.8697834488630685,-0.24413873828553678,-0.5569610935743026,-0.5569610935743026
220043_s_at,-0.8846645517003533,-0.22634375736106327,-0.5555041545307082,-0.5555041545307082
220043_s_at,-0.8846645517003533,-0.22634375736106327,-0.5555041545307082,-0.5555041545307082
229515_at,-0.7578111135629616,-0.34446636607348347,-0.5511387398182226,-0.5511387398182226
229515_at,-0.7578111135629616,-0.34446636607348347,-0.5511387398182226,-0.5511387398182226
226627_at,-0.5849518454235505,-0.5162540922848212,-0.5506029688541858,-0.5506029688541858
226627_at,-0.5849518454235505,-0.5162540922848212,-0.5506029688541858,-0.5506029688541858
214874_at,-0.8337017388244469,-0.26220165815775837,-0.5479516984911026,-0.5479516984911026
214874_at,-0.8337017388244469,-0.26220165815775837,-0.5479516984911026,-0.5479516984911026
223220_s_at,-0.9409771403664285,-0.1463026414282701,-0.5436398908973493,-0.5436398908973493
223220_s_at,-0.9409771403664285,-0.1463026414282701,-0.5436398908973493,-0.5436398908973493
242294_at,-0.7186371891303548,-0.3655469386166926,-0.5420920638735237,-0.5420920638735237
242294_at,-0.7186371891303548,-0.3655469386166926,-0.5420920638735237,-0.5420920638735237
236260_at,-0.544741999499252,-0.5388286427047256,-0.5417853211019887,-0.5417853211019887
236260_at,-0.544741999499252,-0.5388286427047256,-0.5417853211019887,-0.5417853211019887
222139_at,-0.818359964320234,-0.2651351057894755,-0.5417475350548547,-0.5417475350548547
222139_at,-0.818359964320234,-0.2651351057894755,-0.5417475350548547,-0.5417475350548547
225751_at,-0.8437620258896825,-0.2382017686047441,-0.5409818972472134,-0.5409818972472134
225751_at,-0.8437620258896825,-0.2382017686047441,-0.5409818972472134,-0.5409818972472134
203329_at,-0.6354831254264611,-0.4439965860442167,-0.5397398557353389,-0.5397398557353389
203329_at,-0.6354831254264611,-0.4439965860442167,-0.5397398557353389,-0.5397398557353389
1555372_at,-0.7616347518648403,-0.31617984203893745,-0.5389072969518889,-0.5389072969518889
1555372_at,-0.7616347518648403,-0.31617984203893745,-0.5389072969518889,-0.5389072969518889
202255_s_at,-0.8343108040696678,-0.2410355264928603,-0.5376731652812641,-0.5376731652812641
202255_s_at,-0.8343108040696678,-0.2410355264928603,-0.5376731652812641,-0.5376731652812641
210846_x_at,-0.7582521666679803,-0.3167559548231731,-0.5375040607455768,-0.5375040607455768
210846_x_at,-0.7582521666679803,-0.3167559548231731,-0.5375040607455768,-0.5375040607455768
1563431_x_at,-1.1981115084426908,0.12735078713588274,-0.535380360653404,-0.535380360653404
1563431_x_at,-1.1981115084426908,0.12735078713588274,-0.535380360653404,-0.535380360653404
236029_at,-0.8961506476112828,-0.16990917661498656,-0.5330299121131347,-0.5330299121131347
236029_at,-0.8961506476112828,-0.16990917661498656,-0.5330299121131347,-0.5330299121131347
219313_at,-0.8221029641996945,-0.24292653192768315,-0.5325147480636888,-0.5325147480636888
219313_at,-0.8221029641996945,-0.24292653192768315,-0.5325147480636888,-0.5325147480636888
1565723_at,-0.822145349212356,-0.24288251543262807,-0.5325139323224921,-0.5325139323224921
1565723_at,-0.822145349212356,-0.24288251543262807,-0.5325139323224921,-0.5325139323224921
217932_at,-0.9344054309511032,-0.13050377207188538,-0.5324546015114943,-0.5324546015114943
217932_at,-0.9344054309511032,-0.13050377207188538,-0.5324546015114943,-0.5324546015114943
1562387_at,-0.8286510774997644,-0.23488321226451495,-0.5317671448821397,-0.5317671448821397
1562387_at,-0.8286510774997644,-0.23488321226451495,-0.5317671448821397,-0.5317671448821397
229067_at,-0.7246887471640521,-0.3388028639513494,-0.5317458055577007,-0.5317458055577007
229067_at,-0.7246887471640521,-0.3388028639513494,-0.5317458055577007,-0.5317458055577007
218315_s_at,-0.7346648580892575,-0.3286042026374805,-0.531634530363369,-0.531634530363369
218315_s_at,-0.7346648580892575,-0.3286042026374805,-0.531634530363369,-0.531634530363369
226556_at,-0.8185058745286824,-0.2419870256765104,-0.5302464501025964,-0.5302464501025964
226556_at,-0.8185058745286824,-0.2419870256765104,-0.5302464501025964,-0.5302464501025964
204082_at,-0.685889412111982,-0.37267303801101626,-0.5292812250614991,-0.5292812250614991
204082_at,-0.685889412111982,-0.37267303801101626,-0.5292812250614991,-0.5292812250614991
1559002_at,-0.7997849744169819,-0.25576112660325057,-0.5277730505101162,-0.5277730505101162
1559002_at,-0.7997849744169819,-0.25576112660325057,-0.5277730505101162,-0.5277730505101162
203015_s_at,-0.7170814115692123,-0.3364262345126377,-0.526753823040925,-0.526753823040925
203015_s_at,-0.7170814115692123,-0.3364262345126377,-0.526753823040925,-0.526753823040925
222364_at,-0.805267567733223,-0.24532832631420118,-0.5252979470237121,-0.5252979470237121
222364_at,-0.805267567733223,-0.24532832631420118,-0.5252979470237121,-0.5252979470237121
233448_s_at,-0.8134174206253681,-0.23674866227719188,-0.52508304145128,-0.52508304145128
233448_s_at,-0.8134174206253681,-0.23674866227719188,-0.52508304145128,-0.52508304145128
221497_x_at,-0.6485474105857683,-0.40089489162358977,-0.524721151104679,-0.524721151104679
221497_x_at,-0.6485474105857683,-0.40089489162358977,-0.524721151104679,-0.524721151104679
236915_at,-0.901498073982283,-0.14227334179793016,-0.5218857078901066,-0.5218857078901066
236915_at,-0.901498073982283,-0.14227334179793016,-0.5218857078901066,-0.5218857078901066
221554_at,-0.8406414570333528,-0.20275465230941048,-0.5216980546713816,-0.5216980546713816
221554_at,-0.8406414570333528,-0.20275465230941048,-0.5216980546713816,-0.5216980546713816
223948_s_at,-0.8696242970863804,-0.17058098669113667,-0.5201026418887585,-0.5201026418887585
223948_s_at,-0.8696242970863804,-0.17058098669113667,-0.5201026418887585,-0.5201026418887585
203017_s_at,-0.9597876264088944,-0.07810142627714013,-0.5189445263430172,-0.5189445263430172
203017_s_at,-0.9597876264088944,-0.07810142627714013,-0.5189445263430172,-0.5189445263430172
221087_s_at,-0.7071910380566212,-0.3238120742587743,-0.5155015561576978,-0.5155015561576978
221087_s_at,-0.7071910380566212,-0.3238120742587743,-0.5155015561576978,-0.5155015561576978
202675_at,-1.0372516827106466,0.008937531171263842,-0.5141570757696914,-0.5141570757696914
202675_at,-1.0372516827106466,0.008937531171263842,-0.5141570757696914,-0.5141570757696914
219716_at,-0.761103615324178,-0.26492397408455576,-0.5130137947043669,-0.5130137947043669
219716_at,-0.761103615324178,-0.26492397408455576,-0.5130137947043669,-0.5130137947043669
213355_at,-0.6221919335326329,-0.40067599863526926,-0.5114339660839511,-0.5114339660839511
213355_at,-0.6221919335326329,-0.40067599863526926,-0.5114339660839511,-0.5114339660839511
228486_at,-0.6562822956893272,-0.36626737916234087,-0.511274837425834,-0.511274837425834
228486_at,-0.6562822956893272,-0.36626737916234087,-0.511274837425834,-0.511274837425834
220775_s_at,-0.8077214987930905,-0.2141924801882503,-0.5109569894906704,-0.5109569894906704
220775_s_at,-0.8077214987930905,-0.2141924801882503,-0.5109569894906704,-0.5109569894906704
219211_at,-0.7916848330414892,-0.22705784962200343,-0.5093713413317463,-0.5093713413317463
219211_at,-0.7916848330414892,-0.22705784962200343,-0.5093713413317463,-0.5093713413317463
44790_s_at,-0.7836640158243161,-0.23407102791675655,-0.5088675218705363,-0.5088675218705363
44790_s_at,-0.7836640158243161,-0.23407102791675655,-0.5088675218705363,-0.5088675218705363
215117_at,-0.3252641023361337,-0.6916177167496858,-0.5084409095429097,-0.5084409095429097
215117_at,-0.3252641023361337,-0.6916177167496858,-0.5084409095429097,-0.5084409095429097
208592_s_at,-0.26242053245365393,-0.7487239590365679,-0.5055722457451108,-0.5055722457451108
208592_s_at,-0.26242053245365393,-0.7487239590365679,-0.5055722457451108,-0.5055722457451108
230036_at,-0.6912740998439583,-0.3197943643107043,-0.5055342320773313,-0.5055342320773313
230036_at,-0.6912740998439583,-0.3197943643107043,-0.5055342320773313,-0.5055342320773313
240604_at,-0.7850226932883921,-0.22294252884648075,-0.5039826110674365,-0.5039826110674365
240604_at,-0.7850226932883921,-0.22294252884648075,-0.5039826110674365,-0.5039826110674365
203018_s_at,-0.8587391313364443,-0.14773825948814162,-0.5032386954122929,-0.5032386954122929
203018_s_at,-0.8587391313364443,-0.14773825948814162,-0.5032386954122929,-0.5032386954122929
227316_at,-0.7223021812404212,-0.28393927248895506,-0.5031207268646881,-0.5031207268646881
227316_at,-0.7223021812404212,-0.28393927248895506,-0.5031207268646881,-0.5031207268646881
209978_s_at,-0.8880695328498952,-0.11478712954755507,-0.5014283311987251,-0.5014283311987251
209978_s_at,-0.8880695328498952,-0.11478712954755507,-0.5014283311987251,-0.5014283311987251
1566973_at,-0.781895100319411,-0.21954296999235604,-0.5007190351558836,-0.5007190351558836
1566973_at,-0.781895100319411,-0.21954296999235604,-0.5007190351558836,-0.5007190351558836
204851_s_at,-0.9347256693407533,-0.06299400921589163,-0.49885983927832245,-0.49885983927832245
204851_s_at,-0.9347256693407533,-0.06299400921589163,-0.49885983927832245,-0.49885983927832245
230505_at,-0.920650701252251,-0.07702286606771647,-0.49883678365998374,-0.49883678365998374
230505_at,-0.920650701252251,-0.07702286606771647,-0.49883678365998374,-0.49883678365998374
240962_at,-0.8346950591550801,-0.1575689683965796,-0.4961320137758299,-0.4961320137758299
240962_at,-0.8346950591550801,-0.1575689683965796,-0.4961320137758299,-0.4961320137758299
208116_s_at,-0.7073336181766265,-0.2819420851256812,-0.49463785165115387,-0.49463785165115387
208116_s_at,-0.7073336181766265,-0.2819420851256812,-0.49463785165115387,-0.49463785165115387
234683_at,-0.8441422066755814,-0.1449891199413118,-0.4945656633084466,-0.4945656633084466
234683_at,-0.8441422066755814,-0.1449891199413118,-0.4945656633084466,-0.4945656633084466
233685_at,-0.790919714055778,-0.19560423514977607,-0.49326197460277704,-0.49326197460277704
233685_at,-0.790919714055778,-0.19560423514977607,-0.49326197460277704,-0.49326197460277704
203016_s_at,-0.7924656654946648,-0.1939437098521167,-0.49320468767339076,-0.49320468767339076
203016_s_at,-0.7924656654946648,-0.1939437098521167,-0.49320468767339076,-0.49320468767339076
230482_at,-0.9030166592432486,-0.08291288007724909,-0.4929647696602488,-0.4929647696602488
230482_at,-0.9030166592432486,-0.08291288007724909,-0.4929647696602488,-0.4929647696602488
203925_at,-1.0356826932342422,0.05184201025723758,-0.49192034148850233,-0.49192034148850233
203925_at,-1.0356826932342422,0.05184201025723758,-0.49192034148850233,-0.49192034148850233
204130_at,-0.944615395090804,-0.03804652254109874,-0.4913309588159514,-0.4913309588159514
204130_at,-0.944615395090804,-0.03804652254109874,-0.4913309588159514,-0.4913309588159514
231210_at,-0.9117038343336726,-0.06807549228480801,-0.48988966330924033,-0.48988966330924033
231210_at,-0.9117038343336726,-0.06807549228480801,-0.48988966330924033,-0.48988966330924033
222304_x_at,-0.7025252390111261,-0.2745978121069576,-0.48856152555904186,-0.48856152555904186
222304_x_at,-0.7025252390111261,-0.2745978121069576,-0.48856152555904186,-0.48856152555904186
1563296_at,-0.7900406307235666,-0.1867511928256963,-0.48839591177463143,-0.48839591177463143
1563296_at,-0.7900406307235666,-0.1867511928256963,-0.48839591177463143,-0.48839591177463143
244820_at,-0.7940966379859262,-0.1824714309690613,-0.48828403447749374,-0.48828403447749374
244820_at,-0.7940966379859262,-0.1824714309690613,-0.48828403447749374,-0.48828403447749374
202270_at,-0.5502597035849941,-0.4256558692995587,-0.4879577864422764,-0.4879577864422764
202270_at,-0.5502597035849941,-0.4256558692995587,-0.4879577864422764,-0.4879577864422764
229674_at,-0.561685730827253,-0.4139506126720873,-0.4878181717496702,-0.4878181717496702
229674_at,-0.561685730827253,-0.4139506126720873,-0.4878181717496702,-0.4878181717496702
239351_at,-0.547884963509472,-0.42684591297376545,-0.4873654382416187,-0.4873654382416187
239351_at,-0.547884963509472,-0.42684591297376545,-0.4873654382416187,-0.4873654382416187
202970_at,-0.9103413928394463,-0.06409272415919845,-0.48721705849932234,-0.48721705849932234
202970_at,-0.9103413928394463,-0.06409272415919845,-0.48721705849932234,-0.48721705849932234
205311_at,-0.6795232862919582,-0.2935169705860621,-0.48652012843901016,-0.48652012843901016
205311_at,-0.6795232862919582,-0.2935169705860621,-0.48652012843901016,-0.48652012843901016
215210_s_at,-1.0644732429261727,0.09321343444759997,-0.48562990423928637,-0.48562990423928637
215210_s_at,-1.0644732429261727,0.09321343444759997,-0.48562990423928637,-0.48562990423928637
222167_at,-0.6357418736978309,-0.33465862280528413,-0.4852002482515575,-0.4852002482515575
222167_at,-0.6357418736978309,-0.33465862280528413,-0.4852002482515575,-0.4852002482515575
1558742_at,-0.8735472661139817,-0.09042920462614985,-0.4819882353700658,-0.4819882353700658
1558742_at,-0.8735472661139817,-0.09042920462614985,-0.4819882353700658,-0.4819882353700658
230594_at,-0.7111237556559894,-0.25196133613715777,-0.4815425458965736,-0.4815425458965736
230594_at,-0.7111237556559894,-0.25196133613715777,-0.4815425458965736,-0.4815425458965736
222343_at,-0.5872968539998039,-0.3735468889642312,-0.48042187148201754,-0.48042187148201754
222343_at,-0.5872968539998039,-0.3735468889642312,-0.48042187148201754,-0.48042187148201754
217144_at,-0.7193991645646639,-0.24040683050324105,-0.4799029975339525,-0.4799029975339525
217144_at,-0.7193991645646639,-0.24040683050324105,-0.4799029975339525,-0.4799029975339525
212590_at,-0.7132582674928836,-0.24345553664182457,-0.47835690206735404,-0.47835690206735404
212590_at,-0.7132582674928836,-0.24345553664182457,-0.47835690206735404,-0.47835690206735404
223556_at,-0.562715970260947,-0.3925845127806372,-0.4776502415207921,-0.4776502415207921
223556_at,-0.562715970260947,-0.3925845127806372,-0.4776502415207921,-0.4776502415207921
225415_at,-0.8874135917095172,-0.0626616225069961,-0.47503760710825665,-0.47503760710825665
225415_at,-0.8874135917095172,-0.0626616225069961,-0.47503760710825665,-0.47503760710825665
231577_s_at,-0.5437243858052778,-0.40137080826065785,-0.47254759703296784,-0.47254759703296784
231577_s_at,-0.5437243858052778,-0.40137080826065785,-0.47254759703296784,-0.47254759703296784
232850_at,-0.6772832754835463,-0.2658753556739686,-0.47157931557875743,-0.47157931557875743
232850_at,-0.6772832754835463,-0.2658753556739686,-0.47157931557875743,-0.47157931557875743
220146_at,-0.6370027120734213,-0.30601679207400356,-0.47150975207371243,-0.47150975207371243
220146_at,-0.6370027120734213,-0.30601679207400356,-0.47150975207371243,-0.47150975207371243
230137_at,-0.5576776063016363,-0.3834441480596504,-0.4705608771806433,-0.4705608771806433
230137_at,-0.5576776063016363,-0.3834441480596504,-0.4705608771806433,-0.4705608771806433
226826_at,-0.7354127396209738,-0.20557956911785788,-0.47049615436941583,-0.47049615436941583
226826_at,-0.7354127396209738,-0.20557956911785788,-0.47049615436941583,-0.47049615436941583
1555292_at,-0.6426548044933506,-0.2918739367307233,-0.46726437061203696,-0.46726437061203696
1555292_at,-0.6426548044933506,-0.2918739367307233,-0.46726437061203696,-0.46726437061203696
222616_s_at,-0.7602053821731666,-0.17398610192328812,-0.46709574204822735,-0.46709574204822735
222616_s_at,-0.7602053821731666,-0.17398610192328812,-0.46709574204822735,-0.46709574204822735
221069_s_at,-0.8753012687982763,-0.05452025136533528,-0.46491076008180576,-0.46491076008180576
221069_s_at,-0.8753012687982763,-0.05452025136533528,-0.46491076008180576,-0.46491076008180576
213515_x_at,-0.6951348955380413,-0.22327737742329912,-0.4592061364806702,-0.4592061364806702
213515_x_at,-0.6951348955380413,-0.22327737742329912,-0.4592061364806702,-0.4592061364806702
213469_at,-0.5745591514492231,-0.34329735701460734,-0.4589282542319152,-0.4589282542319152
213469_at,-0.5745591514492231,-0.34329735701460734,-0.4589282542319152,-0.4589282542319152
236863_at,-0.580752832889624,-0.3368173819414384,-0.4587851074155312,-0.4587851074155312
236863_at,-0.580752832889624,-0.3368173819414384,-0.4587851074155312,-0.4587851074155312
1562540_at,-0.7655396464568317,-0.15174877608251044,-0.4586442112696711,-0.4586442112696711
1562540_at,-0.7655396464568317,-0.15174877608251044,-0.4586442112696711,-0.4586442112696711
218829_s_at,-0.5599784730309711,-0.3564322082240524,-0.4582053406275118,-0.4582053406275118
218829_s_at,-0.5599784730309711,-0.3564322082240524,-0.4582053406275118,-0.4582053406275118
218558_s_at,-0.7823598005938583,-0.13031699230630572,-0.456338396450082,-0.456338396450082
218558_s_at,-0.7823598005938583,-0.13031699230630572,-0.456338396450082,-0.456338396450082
225005_at,-0.7134950482625559,-0.19866618469702355,-0.45608061647978976,-0.45608061647978976
225005_at,-0.7134950482625559,-0.19866618469702355,-0.45608061647978976,-0.45608061647978976
242504_at,-0.8202720204321716,-0.08953080761987327,-0.45490141402602247,-0.45490141402602247
242504_at,-0.8202720204321716,-0.08953080761987327,-0.45490141402602247,-0.45490141402602247
1554948_at,-0.7324042789225983,-0.1758650437451712,-0.45413466133388475,-0.45413466133388475
1554948_at,-0.7324042789225983,-0.1758650437451712,-0.45413466133388475,-0.45413466133388475
241995_at,-0.689814015714498,-0.216506701139768,-0.453160358427133,-0.453160358427133
241995_at,-0.689814015714498,-0.216506701139768,-0.453160358427133,-0.453160358427133
214243_s_at,-0.5169046640105497,-0.3849880916201267,-0.4509463778153382,-0.4509463778153382
214243_s_at,-0.5169046640105497,-0.3849880916201267,-0.4509463778153382,-0.4509463778153382
209129_at,-0.9190068022548623,0.018714811901891865,-0.45014599517648524,-0.45014599517648524
209129_at,-0.9190068022548623,0.018714811901891865,-0.45014599517648524,-0.45014599517648524
205232_s_at,-0.32080847727872996,-0.5766556203316573,-0.44873204880519363,-0.44873204880519363
205232_s_at,-0.32080847727872996,-0.5766556203316573,-0.44873204880519363,-0.44873204880519363
1570269_at,-0.6734710145336295,-0.2230400634513545,-0.448255538992492,-0.448255538992492
1570269_at,-0.6734710145336295,-0.2230400634513545,-0.448255538992492,-0.448255538992492
222052_at,-0.8648159287424254,-0.028800732548415864,-0.44680833064542064,-0.44680833064542064
222052_at,-0.8648159287424254,-0.028800732548415864,-0.44680833064542064,-0.44680833064542064
238106_at,-0.7480925413810708,-0.1453763430808899,-0.44673444223098036,-0.44673444223098036
238106_at,-0.7480925413810708,-0.1453763430808899,-0.44673444223098036,-0.44673444223098036
203908_at,-0.7399845794684371,-0.15219963128442904,-0.44609210537643307,-0.44609210537643307
203908_at,-0.7399845794684371,-0.15219963128442904,-0.44609210537643307,-0.44609210537643307
227336_at,-0.663334004497522,-0.22026204618670692,-0.44179802534211443,-0.44179802534211443
227336_at,-0.663334004497522,-0.22026204618670692,-0.44179802534211443,-0.44179802534211443
1554800_at,-0.7608037532015955,-0.12236879954881665,-0.4415862763752061,-0.4415862763752061
1554800_at,-0.7608037532015955,-0.12236879954881665,-0.4415862763752061,-0.4415862763752061
1558017_s_at,-0.7071194506562138,-0.17594365057504616,-0.44153155061563,-0.44153155061563
1558017_s_at,-0.7071194506562138,-0.17594365057504616,-0.44153155061563,-0.44153155061563
1569528_at,-0.7725927177035271,-0.10827426269844341,-0.44043349020098527,-0.44043349020098527
1569528_at,-0.7725927177035271,-0.10827426269844341,-0.44043349020098527,-0.44043349020098527
236085_at,-0.621699295979807,-0.2590525148838235,-0.44037590543181526,-0.44037590543181526
236085_at,-0.621699295979807,-0.2590525148838235,-0.44037590543181526,-0.44037590543181526
236731_at,-0.6783768469679121,-0.20140719761832443,-0.4398920222931183,-0.4398920222931183
236731_at,-0.6783768469679121,-0.20140719761832443,-0.4398920222931183,-0.4398920222931183
227935_s_at,-0.6497308833655545,-0.22869847929227835,-0.43921468132891645,-0.43921468132891645
227935_s_at,-0.6497308833655545,-0.22869847929227835,-0.43921468132891645,-0.43921468132891645
214460_at,-0.6787764103296373,-0.19729765622332612,-0.4380370332764817,-0.4380370332764817
214460_at,-0.6787764103296373,-0.19729765622332612,-0.4380370332764817,-0.4380370332764817
237469_at,-0.5823459751510969,-0.2916664014036838,-0.43700618827739035,-0.43700618827739035
237469_at,-0.5823459751510969,-0.2916664014036838,-0.43700618827739035,-0.43700618827739035
244321_at,-0.5398716721181647,-0.3309660892943399,-0.4354188807062523,-0.4354188807062523
244321_at,-0.5398716721181647,-0.3309660892943399,-0.4354188807062523,-0.4354188807062523
210871_x_at,-0.6919751521822575,-0.178689925150771,-0.4353325386665142,-0.4353325386665142
210871_x_at,-0.6919751521822575,-0.178689925150771,-0.4353325386665142,-0.4353325386665142
235104_at,-0.38517571332651107,-0.48371649474109907,-0.43444610403380507,-0.43444610403380507
235104_at,-0.38517571332651107,-0.48371649474109907,-0.43444610403380507,-0.43444610403380507
230175_s_at,-0.6037832907859975,-0.26475439941238116,-0.4342688450991893,-0.4342688450991893
230175_s_at,-0.6037832907859975,-0.26475439941238116,-0.4342688450991893,-0.4342688450991893
1557745_at,-0.7571525869993655,-0.11073012754779275,-0.43394135727357913,-0.43394135727357913
1557745_at,-0.7571525869993655,-0.11073012754779275,-0.43394135727357913,-0.43394135727357913
234268_at,-0.5716389498518882,-0.2962409217154407,-0.43393993578366447,-0.43393993578366447
234268_at,-0.5716389498518882,-0.2962409217154407,-0.43393993578366447,-0.43393993578366447
225856_at,-0.5034325652081124,-0.36388840250249493,-0.43366048385530365,-0.43366048385530365
225856_at,-0.5034325652081124,-0.36388840250249493,-0.43366048385530365,-0.43366048385530365
212195_at,-0.7817552431998654,-0.08475831471422025,-0.43325677895704284,-0.43325677895704284
212195_at,-0.7817552431998654,-0.08475831471422025,-0.43325677895704284,-0.43325677895704284
209572_s_at,-0.8113964458717634,-0.05486006276726315,-0.4331282543195133,-0.4331282543195133
209572_s_at,-0.8113964458717634,-0.05486006276726315,-0.4331282543195133,-0.4331282543195133
213325_at,-0.5696962630308242,-0.29652602720650867,-0.43311114511866644,-0.43311114511866644
213325_at,-0.5696962630308242,-0.29652602720650867,-0.43311114511866644,-0.43311114511866644
209298_s_at,-0.6873561274735385,-0.17500642518195425,-0.4311812763277464,-0.4311812763277464
209298_s_at,-0.6873561274735385,-0.17500642518195425,-0.4311812763277464,-0.4311812763277464
236365_at,-0.7241999403812016,-0.13782568882729493,-0.4310128146042483,-0.4310128146042483
236365_at,-0.7241999403812016,-0.13782568882729493,-0.4310128146042483,-0.4310128146042483
240494_at,-0.6724913891365674,-0.1889212528296821,-0.4307063209831247,-0.4307063209831247
240494_at,-0.6724913891365674,-0.1889212528296821,-0.4307063209831247,-0.4307063209831247
226299_at,-0.5874388795623914,-0.2733160039084912,-0.4303774417354413,-0.4303774417354413
226299_at,-0.5874388795623914,-0.2733160039084912,-0.4303774417354413,-0.4303774417354413
222335_at,-0.750990083591213,-0.10923744013934356,-0.4301137618652783,-0.4301137618652783
222335_at,-0.750990083591213,-0.10923744013934356,-0.4301137618652783,-0.4301137618652783
231101_at,-0.7635989498289903,-0.09193138886832018,-0.42776516934865527,-0.42776516934865527
231101_at,-0.7635989498289903,-0.09193138886832018,-0.42776516934865527,-0.42776516934865527
233185_at,-0.6982419691238814,-0.15520976857283283,-0.4267258688483571,-0.4267258688483571
233185_at,-0.6982419691238814,-0.15520976857283283,-0.4267258688483571,-0.4267258688483571
207153_s_at,-0.7778832589227069,-0.07263893601662118,-0.42526109746966406,-0.42526109746966406
207153_s_at,-0.7778832589227069,-0.07263893601662118,-0.42526109746966406,-0.42526109746966406
231873_at,-0.5021408507082618,-0.34758109244029556,-0.42486097157427866,-0.42486097157427866
231873_at,-0.5021408507082618,-0.34758109244029556,-0.42486097157427866,-0.42486097157427866
1556627_at,-0.6037643000389241,-0.24446849713385674,-0.42411639858639044,-0.42411639858639044
1556627_at,-0.6037643000389241,-0.24446849713385674,-0.42411639858639044,-0.42411639858639044
1555940_a_at,-0.6958831854338651,-0.15038352525951917,-0.4231333553466921,-0.4231333553466921
1555940_a_at,-0.6958831854338651,-0.15038352525951917,-0.4231333553466921,-0.4231333553466921
232924_at,-0.7015421231333758,-0.14469870876249205,-0.4231204159479339,-0.4231204159479339
232924_at,-0.7015421231333758,-0.14469870876249205,-0.4231204159479339,-0.4231204159479339
203767_s_at,-0.5704274551141214,-0.27443482999140195,-0.4224311425527617,-0.4224311425527617
203767_s_at,-0.5704274551141214,-0.27443482999140195,-0.4224311425527617,-0.4224311425527617
236938_at,-0.5908185170188069,-0.2538371931624257,-0.4223278550906163,-0.4223278550906163
236938_at,-0.5908185170188069,-0.2538371931624257,-0.4223278550906163,-0.4223278550906163
209970_x_at,-0.5566663047394939,-0.28762041916733977,-0.42214336195341684,-0.42214336195341684
209970_x_at,-0.5566663047394939,-0.28762041916733977,-0.42214336195341684,-0.42214336195341684
1554571_at,-0.6832447481385648,-0.15998455820167065,-0.42161465317011776,-0.42161465317011776
1554571_at,-0.6832447481385648,-0.15998455820167065,-0.42161465317011776,-0.42161465317011776
204419_x_at,-0.6362480164052452,-0.20674678178369552,-0.42149739909447037,-0.42149739909447037
204419_x_at,-0.6362480164052452,-0.20674678178369552,-0.42149739909447037,-0.42149739909447037
213772_s_at,-0.6338588684093502,-0.20856854431137337,-0.4212137063603618,-0.4212137063603618
213772_s_at,-0.6338588684093502,-0.20856854431137337,-0.4212137063603618,-0.4212137063603618
204705_x_at,-0.8922273644145031,0.05034456903701117,-0.420941397688746,-0.420941397688746
204705_x_at,-0.8922273644145031,0.05034456903701117,-0.420941397688746,-0.420941397688746
1560509_at,-0.6453536999812218,-0.19602437094085626,-0.42068903546103903,-0.42068903546103903
1560509_at,-0.6453536999812218,-0.19602437094085626,-0.42068903546103903,-0.42068903546103903
203019_x_at,-0.7374648423199869,-0.10317364937896024,-0.42031924584947356,-0.42031924584947356
203019_x_at,-0.7374648423199869,-0.10317364937896024,-0.42031924584947356,-0.42031924584947356
218094_s_at,-0.4006240700764416,-0.43814071263952115,-0.4193823913579814,-0.4193823913579814
218094_s_at,-0.4006240700764416,-0.43814071263952115,-0.4193823913579814,-0.4193823913579814
243418_at,-0.7087166561107292,-0.1298662240196925,-0.41929144006521085,-0.41929144006521085
243418_at,-0.7087166561107292,-0.1298662240196925,-0.41929144006521085,-0.41929144006521085
219684_at,-0.6248057841621131,-0.21202727553349282,-0.418416529847803,-0.418416529847803
219684_at,-0.6248057841621131,-0.21202727553349282,-0.418416529847803,-0.418416529847803
238729_x_at,-0.6394083882255194,-0.18723493827507642,-0.4133216632502979,-0.4133216632502979
238729_x_at,-0.6394083882255194,-0.18723493827507642,-0.4133216632502979,-0.4133216632502979
220645_at,-0.7388757151829672,-0.08707427041741028,-0.4129749928001888,-0.4129749928001888
220645_at,-0.7388757151829672,-0.08707427041741028,-0.4129749928001888,-0.4129749928001888
219859_at,-0.8165179247472513,-0.008936022458572635,-0.41272697360291194,-0.41272697360291194
219859_at,-0.8165179247472513,-0.008936022458572635,-0.41272697360291194,-0.41272697360291194
221653_x_at,-0.7177904419499502,-0.10388979059057728,-0.41084011627026373,-0.41084011627026373
221653_x_at,-0.7177904419499502,-0.10388979059057728,-0.41084011627026373,-0.41084011627026373
241588_at,-0.7272782396524001,-0.09368280515440389,-0.410480522403402,-0.410480522403402
241588_at,-0.7272782396524001,-0.09368280515440389,-0.410480522403402,-0.410480522403402
218469_at,-0.7465532690395337,-0.07429837545903262,-0.41042582224928315,-0.41042582224928315
218469_at,-0.7465532690395337,-0.07429837545903262,-0.41042582224928315,-0.41042582224928315
221862_at,-0.5375487145528222,-0.2827004973612184,-0.41012460595702027,-0.41012460595702027
221862_at,-0.5375487145528222,-0.2827004973612184,-0.41012460595702027,-0.41012460595702027
204396_s_at,-0.6403911083624146,-0.17860573134835472,-0.4094984198553847,-0.4094984198553847
204396_s_at,-0.6403911083624146,-0.17860573134835472,-0.4094984198553847,-0.4094984198553847
216862_s_at,-0.6754735738993393,-0.14316489125954,-0.40931923257943964,-0.40931923257943964
216862_s_at,-0.6754735738993393,-0.14316489125954,-0.40931923257943964,-0.40931923257943964
1552463_at,-0.6207421605720438,-0.19708833481294272,-0.40891524769249327,-0.40891524769249327
1552463_at,-0.6207421605720438,-0.19708833481294272,-0.40891524769249327,-0.40891524769249327
209856_x_at,-0.7080724477290526,-0.10857320734545624,-0.40832282753725446,-0.40832282753725446
209856_x_at,-0.7080724477290526,-0.10857320734545624,-0.40832282753725446,-0.40832282753725446
209992_at,-0.6312227614290747,-0.1824912739818279,-0.40685701770545135,-0.40685701770545135
209992_at,-0.6312227614290747,-0.1824912739818279,-0.40685701770545135,-0.40685701770545135
1556003_a_at,-0.5908680696244274,-0.22239487152397958,-0.40663147057420346,-0.40663147057420346
1556003_a_at,-0.5908680696244274,-0.22239487152397958,-0.40663147057420346,-0.40663147057420346
217869_at,-0.8247280268764571,0.01632164511798692,-0.40420319087923506,-0.40420319087923506
217869_at,-0.8247280268764571,0.01632164511798692,-0.40420319087923506,-0.40420319087923506
227038_at,-0.5429682362564182,-0.26409654932793375,-0.403532392792176,-0.403532392792176
227038_at,-0.5429682362564182,-0.26409654932793375,-0.403532392792176,-0.403532392792176
212356_at,-0.8147500456782693,0.008604035372484102,-0.40307300515289257,-0.40307300515289257
212356_at,-0.8147500456782693,0.008604035372484102,-0.40307300515289257,-0.40307300515289257
205061_s_at,-0.5997168301237293,-0.20616824529964614,-0.40294253771168775,-0.40294253771168775
205061_s_at,-0.5997168301237293,-0.20616824529964614,-0.40294253771168775,-0.40294253771168775
242677_at,-0.6802433088496346,-0.12254872285171074,-0.40139601585067264,-0.40139601585067264
242677_at,-0.6802433088496346,-0.12254872285171074,-0.40139601585067264,-0.40139601585067264
204980_at,-0.6764654484516849,-0.12424165169317598,-0.40035355007243045,-0.40035355007243045
204980_at,-0.6764654484516849,-0.12424165169317598,-0.40035355007243045,-0.40035355007243045
217371_s_at,-0.463404100692657,-0.3366825294108953,-0.40004331505177615,-0.40004331505177615
217371_s_at,-0.463404100692657,-0.3366825294108953,-0.40004331505177615,-0.40004331505177615
1555462_at,-0.46922686459253093,-0.33058349153285804,-0.3999051780626945,-0.3999051780626945
1555462_at,-0.46922686459253093,-0.33058349153285804,-0.3999051780626945,-0.3999051780626945
213760_s_at,-0.6728536664265291,-0.1262172166866815,-0.3995354415566053,-0.3995354415566053
213760_s_at,-0.6728536664265291,-0.1262172166866815,-0.3995354415566053,-0.3995354415566053
209133_s_at,-0.7748483728889031,-0.021820709202955063,-0.3983345410459291,-0.3983345410459291
209133_s_at,-0.7748483728889031,-0.021820709202955063,-0.3983345410459291,-0.3983345410459291
205318_at,-0.7872521923397136,-0.0073261815337640965,-0.3972891869367388,-0.3972891869367388
205318_at,-0.7872521923397136,-0.0073261815337640965,-0.3972891869367388,-0.3972891869367388
1554885_a_at,-0.7214116011935049,-0.07002990005596567,-0.3957207506247353,-0.3957207506247353
1554885_a_at,-0.7214116011935049,-0.07002990005596567,-0.3957207506247353,-0.3957207506247353
223849_s_at,-0.7011373983409185,-0.08904671398041007,-0.3950920561606643,-0.3950920561606643
223849_s_at,-0.7011373983409185,-0.08904671398041007,-0.3950920561606643,-0.3950920561606643
1557943_at,-0.5978473495939498,-0.19136071001188928,-0.39460402980291953,-0.39460402980291953
1557943_at,-0.5978473495939498,-0.19136071001188928,-0.39460402980291953,-0.39460402980291953
234896_at,-0.6324306358906228,-0.15676686227903258,-0.39459874908482767,-0.39459874908482767
234896_at,-0.6324306358906228,-0.15676686227903258,-0.39459874908482767,-0.39459874908482767
218043_s_at,-0.8423900750004182,0.05534585969805319,-0.3935221076511825,-0.3935221076511825
218043_s_at,-0.8423900750004182,0.05534585969805319,-0.3935221076511825,-0.3935221076511825
229300_at,-0.6947029288629086,-0.09225970507684428,-0.3934813169698764,-0.3934813169698764
229300_at,-0.6947029288629086,-0.09225970507684428,-0.3934813169698764,-0.3934813169698764
216545_at,-0.587435910620836,-0.19944571279656081,-0.3934408117086984,-0.3934408117086984
216545_at,-0.587435910620836,-0.19944571279656081,-0.3934408117086984,-0.3934408117086984
210178_x_at,-0.5853690490559945,-0.2001164133369355,-0.392742731196465,-0.392742731196465
210178_x_at,-0.5853690490559945,-0.2001164133369355,-0.392742731196465,-0.392742731196465
241721_at,-0.7262166028328331,-0.055649605666259136,-0.3909331042495461,-0.3909331042495461
241721_at,-0.7262166028328331,-0.055649605666259136,-0.3909331042495461,-0.3909331042495461
230121_at,-0.5659233630790785,-0.21581081179399536,-0.390867087436537,-0.390867087436537
230121_at,-0.5659233630790785,-0.21581081179399536,-0.390867087436537,-0.390867087436537
201906_s_at,-0.6347647386739802,-0.14585879407468913,-0.3903117663743347,-0.3903117663743347
201906_s_at,-0.6347647386739802,-0.14585879407468913,-0.3903117663743347,-0.3903117663743347
237236_x_at,-0.3309823031428173,-0.4459669118554641,-0.3884746074991407,-0.3884746074991407
237236_x_at,-0.3309823031428173,-0.4459669118554641,-0.3884746074991407,-0.3884746074991407
225301_s_at,-0.7939319366019214,0.01800493757045075,-0.38796349951573533,-0.38796349951573533
225301_s_at,-0.7939319366019214,0.01800493757045075,-0.38796349951573533,-0.38796349951573533
1556500_a_at,-0.5809351578597685,-0.19418851399522508,-0.38756183592749677,-0.38756183592749677
1556500_a_at,-0.5809351578597685,-0.19418851399522508,-0.38756183592749677,-0.38756183592749677
223725_at,-0.5245032013121146,-0.24850991007167267,-0.3865065556918936,-0.3865065556918936
223725_at,-0.5245032013121146,-0.24850991007167267,-0.3865065556918936,-0.3865065556918936
240421_x_at,-0.5691717955475526,-0.20234306047541623,-0.3857574280114844,-0.3857574280114844
240421_x_at,-0.5691717955475526,-0.20234306047541623,-0.3857574280114844,-0.3857574280114844
207409_at,-0.6477798377383277,-0.1227860705280138,-0.38528295413317076,-0.38528295413317076
207409_at,-0.6477798377383277,-0.1227860705280138,-0.38528295413317076,-0.38528295413317076
211814_s_at,-0.4311450837217573,-0.33717041918620716,-0.38415775145398223,-0.38415775145398223
211814_s_at,-0.4311450837217573,-0.33717041918620716,-0.38415775145398223,-0.38415775145398223
1561639_at,-0.604973107792384,-0.16236519833129942,-0.3836691530618417,-0.3836691530618417
1561639_at,-0.604973107792384,-0.16236519833129942,-0.3836691530618417,-0.3836691530618417
220652_at,-0.6416202645422688,-0.1231824686417389,-0.38240136659200386,-0.38240136659200386
220652_at,-0.6416202645422688,-0.1231824686417389,-0.38240136659200386,-0.38240136659200386
210603_at,-0.5682869485932068,-0.19597328824727658,-0.3821301184202417,-0.3821301184202417
210603_at,-0.5682869485932068,-0.19597328824727658,-0.3821301184202417,-0.3821301184202417
231906_at,-0.6619826495824634,-0.10014118825345172,-0.3810619189179576,-0.3810619189179576
231906_at,-0.6619826495824634,-0.10014118825345172,-0.3810619189179576,-0.3810619189179576
212265_at,-0.609808326295088,-0.15215348317461572,-0.38098090473485186,-0.38098090473485186
212265_at,-0.609808326295088,-0.15215348317461572,-0.38098090473485186,-0.38098090473485186
238694_at,-0.6542330091353641,-0.10704505731755497,-0.38063903322645953,-0.38063903322645953
238694_at,-0.6542330091353641,-0.10704505731755497,-0.38063903322645953,-0.38063903322645953
1563082_at,-0.6618114819526261,-0.09834014460637085,-0.38007581327949846,-0.38007581327949846
1563082_at,-0.6618114819526261,-0.09834014460637085,-0.38007581327949846,-0.38007581327949846
222032_s_at,-0.6860721027520114,-0.07291290481971907,-0.3794925037858652,-0.3794925037858652
222032_s_at,-0.6860721027520114,-0.07291290481971907,-0.3794925037858652,-0.3794925037858652
1563189_at,-0.572793281115561,-0.18566877306875554,-0.3792310270921583,-0.3792310270921583
1563189_at,-0.572793281115561,-0.18566877306875554,-0.3792310270921583,-0.3792310270921583
215721_at,-0.4337494337982137,-0.32333743001853615,-0.3785434319083749,-0.3785434319083749
215721_at,-0.4337494337982137,-0.32333743001853615,-0.3785434319083749,-0.3785434319083749
225047_at,-0.7716535672830597,0.014575777589030193,-0.37853889484701475,-0.37853889484701475
225047_at,-0.7716535672830597,0.014575777589030193,-0.37853889484701475,-0.37853889484701475
1557375_at,-0.6076900930654181,-0.14696939976890058,-0.37732974641715933,-0.37732974641715933
1557375_at,-0.6076900930654181,-0.14696939976890058,-0.37732974641715933,-0.37732974641715933
36888_at,-0.6034751283154195,-0.14946540559539617,-0.37647026695540786,-0.37647026695540786
36888_at,-0.6034751283154195,-0.14946540559539617,-0.37647026695540786,-0.37647026695540786
231042_s_at,-0.5655697019885287,-0.18630385648415296,-0.37593677923634083,-0.37593677923634083
231042_s_at,-0.5655697019885287,-0.18630385648415296,-0.37593677923634083,-0.37593677923634083
203975_s_at,-0.5695247810706257,-0.1812468091377593,-0.37538579510419245,-0.37538579510419245
203975_s_at,-0.5695247810706257,-0.1812468091377593,-0.37538579510419245,-0.37538579510419245
1555579_s_at,-0.2712240382719159,-0.4768791428718401,-0.374051590571878,-0.374051590571878
1555579_s_at,-0.2712240382719159,-0.4768791428718401,-0.374051590571878,-0.374051590571878
1558761_a_at,-0.6835248279880702,-0.06368001042716895,-0.3736024192076196,-0.3736024192076196
1558761_a_at,-0.6835248279880702,-0.06368001042716895,-0.3736024192076196,-0.3736024192076196
229013_at,-0.49207022508561754,-0.25491838817532864,-0.3734943066304731,-0.3734943066304731
229013_at,-0.49207022508561754,-0.25491838817532864,-0.3734943066304731,-0.3734943066304731
1556945_a_at,-0.017582233382617978,-0.7291012237487097,-0.37334172856566383,-0.37334172856566383
1556945_a_at,-0.017582233382617978,-0.7291012237487097,-0.37334172856566383,-0.37334172856566383
239668_at,-0.555350308097482,-0.18920051729258922,-0.3722754126950356,-0.3722754126950356
239668_at,-0.555350308097482,-0.18920051729258922,-0.3722754126950356,-0.3722754126950356
227888_at,-0.7121620753381641,-0.031924345566325056,-0.3720432104522446,-0.3720432104522446
227888_at,-0.7121620753381641,-0.031924345566325056,-0.3720432104522446,-0.3720432104522446
230611_at,-0.688273754197252,-0.05420675215974712,-0.37124025317849957,-0.37124025317849957
230611_at,-0.688273754197252,-0.05420675215974712,-0.37124025317849957,-0.37124025317849957
201499_s_at,-0.6609069357167938,-0.0815568838595263,-0.37123190978816006,-0.37123190978816006
201499_s_at,-0.6609069357167938,-0.0815568838595263,-0.37123190978816006,-0.37123190978816006
226122_at,-0.35334856190570413,-0.38897484042128627,-0.37116170116349523,-0.37116170116349523
226122_at,-0.35334856190570413,-0.38897484042128627,-0.37116170116349523,-0.37116170116349523
225476_at,-0.6087974610850814,-0.1316989282465021,-0.37024819466579173,-0.37024819466579173
225476_at,-0.6087974610850814,-0.1316989282465021,-0.37024819466579173,-0.37024819466579173
242464_at,-0.6340547775025662,-0.10491813212269684,-0.36948645481263154,-0.36948645481263154
242464_at,-0.6340547775025662,-0.10491813212269684,-0.36948645481263154,-0.36948645481263154
212634_at,-0.5441118191530203,-0.19472836618851452,-0.3694200926707674,-0.3694200926707674
212634_at,-0.5441118191530203,-0.19472836618851452,-0.3694200926707674,-0.3694200926707674
203697_at,-0.48765731911844373,-0.2506385449406603,-0.369147932029552,-0.369147932029552
203697_at,-0.48765731911844373,-0.2506385449406603,-0.369147932029552,-0.369147932029552
223785_at,-0.40257885643732366,-0.3339691598603047,-0.36827400814881417,-0.36827400814881417
223785_at,-0.40257885643732366,-0.3339691598603047,-0.36827400814881417,-0.36827400814881417
204097_s_at,-0.7264009449162628,-0.010063230196081813,-0.3682320875561723,-0.3682320875561723
204097_s_at,-0.7264009449162628,-0.010063230196081813,-0.3682320875561723,-0.3682320875561723
224701_at,-0.5801961469475053,-0.15343051428709348,-0.36681333061729937,-0.36681333061729937
224701_at,-0.5801961469475053,-0.15343051428709348,-0.36681333061729937,-0.36681333061729937
204768_s_at,-0.25742854963588674,-0.4759545397062467,-0.3666915446710667,-0.3666915446710667
204768_s_at,-0.25742854963588674,-0.4759545397062467,-0.3666915446710667,-0.3666915446710667
201498_at,-0.6335873114468866,-0.09770762817892824,-0.3656474698129074,-0.3656474698129074
201498_at,-0.6335873114468866,-0.09770762817892824,-0.3656474698129074,-0.3656474698129074
1563224_at,-0.651711113502726,-0.0792694686524763,-0.36549029107760117,-0.36549029107760117
1563224_at,-0.651711113502726,-0.0792694686524763,-0.36549029107760117,-0.36549029107760117
237772_at,-0.6719434021887373,-0.058706099031390936,-0.3653247506100641,-0.3653247506100641
237772_at,-0.6719434021887373,-0.058706099031390936,-0.3653247506100641,-0.3653247506100641
1563302_at,-0.6557863303427248,-0.07401849167796976,-0.36490241101034726,-0.36490241101034726
1563302_at,-0.6557863303427248,-0.07401849167796976,-0.36490241101034726,-0.36490241101034726
209816_at,-0.5068619642243811,-0.22095575619768065,-0.36390886021103086,-0.36390886021103086
209816_at,-0.5068619642243811,-0.22095575619768065,-0.36390886021103086,-0.36390886021103086
223661_at,-0.4342874437173416,-0.28953224551315804,-0.36190984461524983,-0.36190984461524983
223661_at,-0.4342874437173416,-0.28953224551315804,-0.36190984461524983,-0.36190984461524983
202533_s_at,-0.5028810608785989,-0.2202630977107487,-0.3615720792946738,-0.3615720792946738
202533_s_at,-0.5028810608785989,-0.2202630977107487,-0.3615720792946738,-0.3615720792946738
205034_at,-0.4921458914306062,-0.22887414250024446,-0.36051001696542534,-0.36051001696542534
205034_at,-0.4921458914306062,-0.22887414250024446,-0.36051001696542534,-0.36051001696542534
227503_at,-0.38184953146980166,-0.33722414458135136,-0.3595368380255765,-0.3595368380255765
227503_at,-0.38184953146980166,-0.33722414458135136,-0.3595368380255765,-0.3595368380255765
227916_x_at,-0.7971542620020099,0.07945671530781284,-0.3588487733470985,-0.3588487733470985
227916_x_at,-0.7971542620020099,0.07945671530781284,-0.3588487733470985,-0.3588487733470985
226811_at,-0.592413581364865,-0.12513832322290358,-0.35877595229388426,-0.35877595229388426
226811_at,-0.592413581364865,-0.12513832322290358,-0.35877595229388426,-0.35877595229388426
1567010_at,-0.6860841195498703,-0.029479084704570252,-0.35778160212722027,-0.35778160212722027
1567010_at,-0.6860841195498703,-0.029479084704570252,-0.35778160212722027,-0.35778160212722027
203974_at,-0.39730837169805083,-0.31349888450973246,-0.35540362810389164,-0.35540362810389164
203974_at,-0.39730837169805083,-0.31349888450973246,-0.35540362810389164,-0.35540362810389164
205990_s_at,-0.5019008575600242,-0.20728586764477966,-0.35459336260240193,-0.35459336260240193
205990_s_at,-0.5019008575600242,-0.20728586764477966,-0.35459336260240193,-0.35459336260240193
236672_at,-0.5243688391761073,-0.18416894219500385,-0.35426889068555556,-0.35426889068555556
236672_at,-0.5243688391761073,-0.18416894219500385,-0.35426889068555556,-0.35426889068555556
225395_s_at,-0.599934224423101,-0.10647490478835406,-0.3532045646057275,-0.3532045646057275
225395_s_at,-0.599934224423101,-0.10647490478835406,-0.3532045646057275,-0.3532045646057275
232505_at,-0.6281786140672816,-0.07747711914173633,-0.35282786660450893,-0.35282786660450893
232505_at,-0.6281786140672816,-0.07747711914173633,-0.35282786660450893,-0.35282786660450893
1556944_at,-0.19019352207590526,-0.5116439059169172,-0.3509187139964112,-0.3509187139964112
1556944_at,-0.19019352207590526,-0.5116439059169172,-0.3509187139964112,-0.3509187139964112
226661_at,-0.286955530940254,-0.4140929113622379,-0.35052422115124593,-0.35052422115124593
226661_at,-0.286955530940254,-0.4140929113622379,-0.35052422115124593,-0.35052422115124593
215711_s_at,-0.47997157717911054,-0.2189278265659696,-0.3494497018725401,-0.3494497018725401
215711_s_at,-0.47997157717911054,-0.2189278265659696,-0.3494497018725401,-0.3494497018725401
201777_s_at,-0.4030712912720588,-0.29550702564600795,-0.3492891584590334,-0.3492891584590334
201777_s_at,-0.4030712912720588,-0.29550702564600795,-0.3492891584590334,-0.3492891584590334
218212_s_at,-0.563740569824751,-0.1304865010984404,-0.3471135354615957,-0.3471135354615957
218212_s_at,-0.563740569824751,-0.1304865010984404,-0.3471135354615957,-0.3471135354615957
207183_at,-0.6199166540620353,-0.07173123641354498,-0.34582394523779014,-0.34582394523779014
207183_at,-0.6199166540620353,-0.07173123641354498,-0.34582394523779014,-0.34582394523779014
203628_at,-0.5023606646383981,-0.1888530732224015,-0.3456068689303998,-0.3456068689303998
203628_at,-0.5023606646383981,-0.1888530732224015,-0.3456068689303998,-0.3456068689303998
220467_at,-0.5670935857514329,-0.12351292916400217,-0.3453032574577175,-0.3453032574577175
220467_at,-0.5670935857514329,-0.12351292916400217,-0.3453032574577175,-0.3453032574577175
218949_s_at,-0.4042255844881019,-0.28629515145251105,-0.34526036797030646,-0.34526036797030646
218949_s_at,-0.4042255844881019,-0.28629515145251105,-0.34526036797030646,-0.34526036797030646
217387_at,-0.5354663027484318,-0.15431917704312856,-0.3448927398957802,-0.3448927398957802
217387_at,-0.5354663027484318,-0.15431917704312856,-0.3448927398957802,-0.3448927398957802
227537_s_at,-0.6424462499208011,-0.04287514980557193,-0.34266069986318654,-0.34266069986318654
227537_s_at,-0.6424462499208011,-0.04287514980557193,-0.34266069986318654,-0.34266069986318654
239431_at,-0.607029088184271,-0.07811171557566762,-0.34257040187996934,-0.34257040187996934
239431_at,-0.607029088184271,-0.07811171557566762,-0.34257040187996934,-0.34257040187996934
1563505_at,-0.6576548886875555,-0.02674918353194231,-0.3422020361097489,-0.3422020361097489
1563505_at,-0.6576548886875555,-0.02674918353194231,-0.3422020361097489,-0.3422020361097489
234506_at,-0.8510285960158628,0.16690262058296074,-0.34206298771645105,-0.34206298771645105
234506_at,-0.8510285960158628,0.16690262058296074,-0.34206298771645105,-0.34206298771645105
220214_at,-0.5174883388558157,-0.1662947970145104,-0.34189156793516307,-0.34189156793516307
220214_at,-0.5174883388558157,-0.1662947970145104,-0.34189156793516307,-0.34189156793516307
1552634_a_at,-0.6526285689206834,-0.029878789959213264,-0.34125367943994833,-0.34125367943994833
1552634_a_at,-0.6526285689206834,-0.029878789959213264,-0.34125367943994833,-0.34125367943994833
225459_at,-0.42224454627576363,-0.2579738775361725,-0.3401092119059681,-0.3401092119059681
225459_at,-0.42224454627576363,-0.2579738775361725,-0.3401092119059681,-0.3401092119059681
208520_at,-0.582658789708531,-0.09593425542503771,-0.3392965225667844,-0.3392965225667844
208520_at,-0.582658789708531,-0.09593425542503771,-0.3392965225667844,-0.3392965225667844
242722_at,-0.45790293683933386,-0.21998879284339543,-0.33894586484136463,-0.33894586484136463
242722_at,-0.45790293683933386,-0.21998879284339543,-0.33894586484136463,-0.33894586484136463
236991_at,-0.566717543783474,-0.10937060320882652,-0.3380440734961503,-0.3380440734961503
236991_at,-0.566717543783474,-0.10937060320882652,-0.3380440734961503,-0.3380440734961503
1552572_a_at,-0.5122640670931219,-0.1604772797277724,-0.33637067341044713,-0.33637067341044713
1552572_a_at,-0.5122640670931219,-0.1604772797277724,-0.33637067341044713,-0.33637067341044713
202409_at,-0.5759659486254755,-0.09030308821318149,-0.33313451841932845,-0.33313451841932845
202409_at,-0.5759659486254755,-0.09030308821318149,-0.33313451841932845,-0.33313451841932845
202794_at,-0.5333655486439111,-0.13089185640681128,-0.3321287025253612,-0.3321287025253612
202794_at,-0.5333655486439111,-0.13089185640681128,-0.3321287025253612,-0.3321287025253612
1553533_at,-0.6065269183226769,-0.05641480613951764,-0.3314708622310973,-0.3314708622310973
1553533_at,-0.6065269183226769,-0.05641480613951764,-0.3314708622310973,-0.3314708622310973
204510_at,-0.3781292213260523,-0.2836803964420136,-0.33090480888403295,-0.33090480888403295
204510_at,-0.3781292213260523,-0.2836803964420136,-0.33090480888403295,-0.33090480888403295
225163_at,-0.35105642514974655,-0.3085961300908984,-0.32982627762032246,-0.32982627762032246
225163_at,-0.35105642514974655,-0.3085961300908984,-0.32982627762032246,-0.32982627762032246
235332_at,-0.6806508602436538,0.022790194256819638,-0.3289303329934171,-0.3289303329934171
235332_at,-0.6806508602436538,0.022790194256819638,-0.3289303329934171,-0.3289303329934171
205557_at,-0.4030962897598021,-0.25306164741984133,-0.3280789685898217,-0.3280789685898217
205557_at,-0.4030962897598021,-0.25306164741984133,-0.3280789685898217,-0.3280789685898217
1568955_at,-0.6803011233685349,0.027416415575329926,-0.3264423538966025,-0.3264423538966025
1568955_at,-0.6803011233685349,0.027416415575329926,-0.3264423538966025,-0.3264423538966025
217166_at,-0.4234688740934071,-0.22879340681896976,-0.3261311404561884,-0.3261311404561884
217166_at,-0.4234688740934071,-0.22879340681896976,-0.3261311404561884,-0.3261311404561884
208847_s_at,-0.6085688739552291,-0.04133093149292999,-0.32494990272407953,-0.32494990272407953
208847_s_at,-0.6085688739552291,-0.04133093149292999,-0.32494990272407953,-0.32494990272407953
210212_x_at,-0.5810696417213664,-0.0680306247487638,-0.3245501332350651,-0.3245501332350651
210212_x_at,-0.5810696417213664,-0.0680306247487638,-0.3245501332350651,-0.3245501332350651
230750_at,-0.5401355296395994,-0.10423969285069311,-0.3221876112451463,-0.3221876112451463
230750_at,-0.5401355296395994,-0.10423969285069311,-0.3221876112451463,-0.3221876112451463
225167_at,-0.32634273005942793,-0.3174859573484793,-0.3219143437039536,-0.3219143437039536
225167_at,-0.32634273005942793,-0.3174859573484793,-0.3219143437039536,-0.3219143437039536
1561256_at,-0.5691265452002565,-0.07334915838067087,-0.3212378517904637,-0.3212378517904637
1561256_at,-0.5691265452002565,-0.07334915838067087,-0.3212378517904637,-0.3212378517904637
217933_s_at,-0.6592223801659037,0.017456538054515913,-0.32088292105569394,-0.32088292105569394
217933_s_at,-0.6592223801659037,0.017456538054515913,-0.32088292105569394,-0.32088292105569394
203547_at,-0.1638100474386679,-0.477262078382702,-0.3205360629106849,-0.3205360629106849
203547_at,-0.1638100474386679,-0.477262078382702,-0.3205360629106849,-0.3205360629106849
1561396_at,-0.5894520552179356,-0.05117974517149761,-0.3203159001947166,-0.3203159001947166
1561396_at,-0.5894520552179356,-0.05117974517149761,-0.3203159001947166,-0.3203159001947166
228956_at,-0.4976806068565296,-0.14266165545697798,-0.3201711311567538,-0.3201711311567538
228956_at,-0.4976806068565296,-0.14266165545697798,-0.3201711311567538,-0.3201711311567538
232635_at,-0.2323398796825125,-0.4079150228547712,-0.32012745126864184,-0.32012745126864184
232635_at,-0.2323398796825125,-0.4079150228547712,-0.32012745126864184,-0.32012745126864184
235349_at,-0.3937269875670453,-0.24558946461821368,-0.3196582260926295,-0.3196582260926295
235349_at,-0.3937269875670453,-0.24558946461821368,-0.3196582260926295,-0.3196582260926295
221431_s_at,-0.41882912845082393,-0.21933424371453897,-0.31908168608268145,-0.31908168608268145
221431_s_at,-0.41882912845082393,-0.21933424371453897,-0.31908168608268145,-0.31908168608268145
207459_x_at,-0.476441929040156,-0.16089855106129747,-0.31867024005072675,-0.31867024005072675
207459_x_at,-0.476441929040156,-0.16089855106129747,-0.31867024005072675,-0.31867024005072675
216548_x_at,-0.4947735565022377,-0.14106547202311118,-0.31791951426267445,-0.31791951426267445
216548_x_at,-0.4947735565022377,-0.14106547202311118,-0.31791951426267445,-0.31791951426267445
230724_s_at,-0.5245327094772563,-0.10732002248912002,-0.31592636598318813,-0.31592636598318813
230724_s_at,-0.5245327094772563,-0.10732002248912002,-0.31592636598318813,-0.31592636598318813
206345_s_at,-0.2203855615519103,-0.4076778900044892,-0.3140317257781997,-0.3140317257781997
206345_s_at,-0.2203855615519103,-0.4076778900044892,-0.3140317257781997,-0.3140317257781997
243205_at,-0.5308592493779604,-0.09652992046370985,-0.31369458492083513,-0.31369458492083513
243205_at,-0.5308592493779604,-0.09652992046370985,-0.31369458492083513,-0.31369458492083513
215332_s_at,-0.20524233720670224,-0.42202610766870824,-0.3136342224377052,-0.3136342224377052
215332_s_at,-0.20524233720670224,-0.42202610766870824,-0.3136342224377052,-0.3136342224377052
1558819_at,-0.5397245057044954,-0.0857740117426336,-0.3127492587235645,-0.3127492587235645
1558819_at,-0.5397245057044954,-0.0857740117426336,-0.3127492587235645,-0.3127492587235645
230352_at,-0.46265124645664224,-0.16281029558649257,-0.31273077102156743,-0.31273077102156743
230352_at,-0.46265124645664224,-0.16281029558649257,-0.31273077102156743,-0.31273077102156743
224672_x_at,-0.5119294883197874,-0.11234102449474447,-0.3121352564072659,-0.3121352564072659
224672_x_at,-0.5119294883197874,-0.11234102449474447,-0.3121352564072659,-0.3121352564072659
210928_at,-0.4452735761298409,-0.1743096156829282,-0.30979159590638455,-0.30979159590638455
210928_at,-0.4452735761298409,-0.1743096156829282,-0.30979159590638455,-0.30979159590638455
215805_at,-0.5225171093324411,-0.09697798787346941,-0.3097475486029553,-0.3097475486029553
215805_at,-0.5225171093324411,-0.09697798787346941,-0.3097475486029553,-0.3097475486029553
1558522_at,-0.3959101548076842,-0.21678236527788172,-0.306346260042783,-0.306346260042783
1558522_at,-0.3959101548076842,-0.21678236527788172,-0.306346260042783,-0.306346260042783
222904_s_at,-0.5115341677202037,-0.09885434967130374,-0.3051942586957537,-0.3051942586957537
222904_s_at,-0.5115341677202037,-0.09885434967130374,-0.3051942586957537,-0.3051942586957537
201711_x_at,-0.41686464737848344,-0.19255124547941183,-0.3047079464289476,-0.3047079464289476
201711_x_at,-0.41686464737848344,-0.19255124547941183,-0.3047079464289476,-0.3047079464289476
244704_at,-0.6404248423190874,0.03216111705809213,-0.30413186263049763,-0.30413186263049763
244704_at,-0.6404248423190874,0.03216111705809213,-0.30413186263049763,-0.30413186263049763
219120_at,-0.4648107209320801,-0.14239917494786997,-0.30360494793997506,-0.30360494793997506
219120_at,-0.4648107209320801,-0.14239917494786997,-0.30360494793997506,-0.30360494793997506
211772_x_at,-0.19883291750898555,-0.40739667497810683,-0.3031147962435462,-0.3031147962435462
211772_x_at,-0.19883291750898555,-0.40739667497810683,-0.3031147962435462,-0.3031147962435462
212344_at,-0.5757185293167353,-0.030393604664269495,-0.3030560669905024,-0.3030560669905024
212344_at,-0.5757185293167353,-0.030393604664269495,-0.3030560669905024,-0.3030560669905024
231698_at,-0.47682349812291713,-0.1287454737303807,-0.3027844859266489,-0.3027844859266489
231698_at,-0.47682349812291713,-0.1287454737303807,-0.3027844859266489,-0.3027844859266489
243971_x_at,-0.296862751766692,-0.3060752310500719,-0.30146899140838196,-0.30146899140838196
243971_x_at,-0.296862751766692,-0.3060752310500719,-0.30146899140838196,-0.30146899140838196
208447_s_at,-0.6961488041412046,0.09421127094542694,-0.30096876659788885,-0.30096876659788885
208447_s_at,-0.6961488041412046,0.09421127094542694,-0.30096876659788885,-0.30096876659788885
234197_at,-0.5601198914751984,-0.04166132547432301,-0.3008906084747607,-0.3008906084747607
234197_at,-0.5601198914751984,-0.04166132547432301,-0.3008906084747607,-0.3008906084747607
219784_at,-0.4510837781472923,-0.15056100709458742,-0.30082239262093985,-0.30082239262093985
219784_at,-0.4510837781472923,-0.15056100709458742,-0.30082239262093985,-0.30082239262093985
233792_at,-0.490681176011411,-0.11050748645773635,-0.3005943312345737,-0.3005943312345737
233792_at,-0.490681176011411,-0.11050748645773635,-0.3005943312345737,-0.3005943312345737
201357_s_at,-0.560447606682763,-0.040205979683084536,-0.30032679318292377,-0.30032679318292377
201357_s_at,-0.560447606682763,-0.040205979683084536,-0.30032679318292377,-0.30032679318292377
214912_at,-0.4697909566736994,-0.12994383614583696,-0.29986739640976817,-0.29986739640976817
214912_at,-0.4697909566736994,-0.12994383614583696,-0.29986739640976817,-0.29986739640976817
1570202_a_at,-0.5869243389903895,-0.009218463330600344,-0.29807140116049496,-0.29807140116049496
1570202_a_at,-0.5869243389903895,-0.009218463330600344,-0.29807140116049496,-0.29807140116049496
210523_at,-0.3999777082950733,-0.19474377854602906,-0.2973607434205512,-0.2973607434205512
210523_at,-0.3999777082950733,-0.19474377854602906,-0.2973607434205512,-0.2973607434205512
1568951_at,-0.5140285844693493,-0.07937417395437987,-0.29670137921186457,-0.29670137921186457
1568951_at,-0.5140285844693493,-0.07937417395437987,-0.29670137921186457,-0.29670137921186457
207157_s_at,-0.7940527221644647,0.20333944329082435,-0.29535663943682017,-0.29535663943682017
207157_s_at,-0.7940527221644647,0.20333944329082435,-0.29535663943682017,-0.29535663943682017
238977_at,-0.4294701638683754,-0.1609340634880551,-0.29520211367821525,-0.29520211367821525
238977_at,-0.4294701638683754,-0.1609340634880551,-0.29520211367821525,-0.29520211367821525
241185_at,-0.27582322427143324,-0.3133625133217874,-0.2945928687966103,-0.2945928687966103
241185_at,-0.27582322427143324,-0.3133625133217874,-0.2945928687966103,-0.2945928687966103
216228_s_at,-0.278877433926774,-0.310052264330075,-0.2944648491284245,-0.2944648491284245
216228_s_at,-0.278877433926774,-0.310052264330075,-0.2944648491284245,-0.2944648491284245
225155_at,-0.7208612551968419,0.13218369965740784,-0.294338777769717,-0.294338777769717
225155_at,-0.7208612551968419,0.13218369965740784,-0.294338777769717,-0.294338777769717
207141_s_at,-0.4405926880651355,-0.14801943004633464,-0.2943060590557351,-0.2943060590557351
207141_s_at,-0.4405926880651355,-0.14801943004633464,-0.2943060590557351,-0.2943060590557351
230385_at,-0.5437815915478618,-0.04478083545095728,-0.2942812134994095,-0.2942812134994095
230385_at,-0.5437815915478618,-0.04478083545095728,-0.2942812134994095,-0.2942812134994095
241970_at,-0.3906181974893745,-0.19749218412964767,-0.2940551908095111,-0.2940551908095111
241970_at,-0.3906181974893745,-0.19749218412964767,-0.2940551908095111,-0.2940551908095111
204092_s_at,-0.40323978887234685,-0.18401422909789347,-0.2936270089851202,-0.2936270089851202
204092_s_at,-0.40323978887234685,-0.18401422909789347,-0.2936270089851202,-0.2936270089851202
1556538_at,-0.6555535147632784,0.07067525276493275,-0.29243913099917285,-0.29243913099917285
1556538_at,-0.6555535147632784,0.07067525276493275,-0.29243913099917285,-0.29243913099917285
243456_at,-0.5513586613003869,-0.03254736194573229,-0.2919530116230596,-0.2919530116230596
243456_at,-0.5513586613003869,-0.03254736194573229,-0.2919530116230596,-0.2919530116230596
211931_s_at,-0.47314250258531415,-0.11069113048772235,-0.29191681653651824,-0.29191681653651824
211931_s_at,-0.47314250258531415,-0.11069113048772235,-0.29191681653651824,-0.29191681653651824
1558920_at,-0.2227967576089602,-0.36085125114477334,-0.2918240043768668,-0.2918240043768668
1558920_at,-0.2227967576089602,-0.36085125114477334,-0.2918240043768668,-0.2918240043768668
231966_at,-0.521323549376884,-0.06222672449704604,-0.291775136936965,-0.291775136936965
231966_at,-0.521323549376884,-0.06222672449704604,-0.291775136936965,-0.291775136936965
1562371_s_at,-0.5197998642647342,-0.061945527587773955,-0.2908726959262541,-0.2908726959262541
1562371_s_at,-0.5197998642647342,-0.061945527587773955,-0.2908726959262541,-0.2908726959262541
1555127_at,-0.3427870749923899,-0.23835030640660998,-0.2905686906995,-0.2905686906995
1555127_at,-0.3427870749923899,-0.23835030640660998,-0.2905686906995,-0.2905686906995
1569607_s_at,-0.41626175570575763,-0.16461424347250164,-0.29043799958912964,-0.29043799958912964
1569607_s_at,-0.41626175570575763,-0.16461424347250164,-0.29043799958912964,-0.29043799958912964
210942_s_at,-0.2303125230149633,-0.34744947665534814,-0.2888809998351557,-0.2888809998351557
210942_s_at,-0.2303125230149633,-0.34744947665534814,-0.2888809998351557,-0.2888809998351557
216479_at,-0.5322657209800535,-0.04446719341360431,-0.2883664571968289,-0.2883664571968289
216479_at,-0.5322657209800535,-0.04446719341360431,-0.2883664571968289,-0.2883664571968289
217987_at,-0.5354920415214951,-0.039441995464329985,-0.28746701849291256,-0.28746701849291256
217987_at,-0.5354920415214951,-0.039441995464329985,-0.28746701849291256,-0.28746701849291256
203091_at,-0.6053971583942166,0.03155036777623545,-0.2869233953089906,-0.2869233953089906
203091_at,-0.6053971583942166,0.03155036777623545,-0.2869233953089906,-0.2869233953089906
215728_s_at,-0.450547063168563,-0.12270368153448781,-0.2866253723515254,-0.2866253723515254
215728_s_at,-0.450547063168563,-0.12270368153448781,-0.2866253723515254,-0.2866253723515254
225489_at,-0.5935073395345152,0.02373568364046908,-0.28488582794702305,-0.28488582794702305
225489_at,-0.5935073395345152,0.02373568364046908,-0.28488582794702305,-0.28488582794702305
201038_s_at,-0.7628403603498692,0.19343050112211155,-0.28470492961387883,-0.28470492961387883
201038_s_at,-0.7628403603498692,0.19343050112211155,-0.28470492961387883,-0.28470492961387883
215747_s_at,-0.3954071809648262,-0.17180090531853345,-0.2836040431416798,-0.2836040431416798
215747_s_at,-0.3954071809648262,-0.17180090531853345,-0.2836040431416798,-0.2836040431416798
235099_at,-0.1681102083861221,-0.3973129001854149,-0.2827115542857685,-0.2827115542857685
235099_at,-0.1681102083861221,-0.3973129001854149,-0.2827115542857685,-0.2827115542857685
217276_x_at,-0.22333780625933797,-0.34103416743158477,-0.28218598684546137,-0.28218598684546137
217276_x_at,-0.22333780625933797,-0.34103416743158477,-0.28218598684546137,-0.28218598684546137
209495_at,-0.533570924804587,-0.0306345636716194,-0.2821027442381032,-0.2821027442381032
209495_at,-0.533570924804587,-0.0306345636716194,-0.2821027442381032,-0.2821027442381032
241701_at,-0.47475946012138054,-0.08930763236846782,-0.28203354624492416,-0.28203354624492416
241701_at,-0.47475946012138054,-0.08930763236846782,-0.28203354624492416,-0.28203354624492416
211366_x_at,-0.3951350626416378,-0.1668866820950622,-0.28101087236835,-0.28101087236835
211366_x_at,-0.3951350626416378,-0.1668866820950622,-0.28101087236835,-0.28101087236835
223991_s_at,-0.5607954625193494,-0.0007369154301738308,-0.28076618897476163,-0.28076618897476163
223991_s_at,-0.5607954625193494,-0.0007369154301738308,-0.28076618897476163,-0.28076618897476163
208805_at,-0.43453254189641133,-0.126847937826845,-0.28069023986162817,-0.28069023986162817
208805_at,-0.43453254189641133,-0.126847937826845,-0.28069023986162817,-0.28069023986162817
1559697_a_at,-0.7280717974205427,0.16898925501430648,-0.2795412712031181,-0.2795412712031181
1559697_a_at,-0.7280717974205427,0.16898925501430648,-0.2795412712031181,-0.2795412712031181
206591_at,-0.13871721246028607,-0.41990560852212505,-0.27931141049120556,-0.27931141049120556
206591_at,-0.13871721246028607,-0.41990560852212505,-0.27931141049120556,-0.27931141049120556
237251_at,-0.47475744767033595,-0.08118885012017199,-0.277973148895254,-0.277973148895254
237251_at,-0.47475744767033595,-0.08118885012017199,-0.277973148895254,-0.277973148895254
203521_s_at,-0.42636955551088335,-0.12568757891023563,-0.27602856721055946,-0.27602856721055946
203521_s_at,-0.42636955551088335,-0.12568757891023563,-0.27602856721055946,-0.27602856721055946
203968_s_at,-0.2096531132447553,-0.34126588782594874,-0.275459500535352,-0.275459500535352
203968_s_at,-0.2096531132447553,-0.34126588782594874,-0.275459500535352,-0.275459500535352
220865_s_at,-0.26874407453996013,-0.28047165775728716,-0.27460786614862365,-0.27460786614862365
220865_s_at,-0.26874407453996013,-0.28047165775728716,-0.27460786614862365,-0.27460786614862365
1569956_at,-0.4319353389350814,-0.11412651636606258,-0.273030927650572,-0.273030927650572
1569956_at,-0.4319353389350814,-0.11412651636606258,-0.273030927650572,-0.273030927650572
213534_s_at,-0.4839509890580025,-0.061906376028708854,-0.27292868254335567,-0.27292868254335567
213534_s_at,-0.4839509890580025,-0.061906376028708854,-0.27292868254335567,-0.27292868254335567
1560316_s_at,-0.39281935438033944,-0.1525714166101909,-0.2726953854952652,-0.2726953854952652
1560316_s_at,-0.39281935438033944,-0.1525714166101909,-0.2726953854952652,-0.2726953854952652
1555740_a_at,-0.5333222574630544,-0.010582844136389437,-0.2719525507997219,-0.2719525507997219
1555740_a_at,-0.5333222574630544,-0.010582844136389437,-0.2719525507997219,-0.2719525507997219
218816_at,-0.42247703774304174,-0.12114674083226484,-0.2718118892876533,-0.2718118892876533
218816_at,-0.42247703774304174,-0.12114674083226484,-0.2718118892876533,-0.2718118892876533
240772_at,-0.42824134353781484,-0.113415326860384,-0.27082833519909943,-0.27082833519909943
240772_at,-0.42824134353781484,-0.113415326860384,-0.27082833519909943,-0.27082833519909943
237682_at,-0.43505543515471073,-0.10656299609346274,-0.2708092156240867,-0.2708092156240867
237682_at,-0.43505543515471073,-0.10656299609346274,-0.2708092156240867,-0.2708092156240867
1556221_a_at,-0.33632597625721783,-0.2046261327895308,-0.2704760545233743,-0.2704760545233743
1556221_a_at,-0.33632597625721783,-0.2046261327895308,-0.2704760545233743,-0.2704760545233743
1569941_at,-0.44887796258065266,-0.09073155588709392,-0.26980475923387326,-0.26980475923387326
1569941_at,-0.44887796258065266,-0.09073155588709392,-0.26980475923387326,-0.26980475923387326
202183_s_at,-0.5347918225996123,-0.004124458681759181,-0.26945814064068574,-0.26945814064068574
202183_s_at,-0.5347918225996123,-0.004124458681759181,-0.26945814064068574,-0.26945814064068574
214829_at,-0.303183734217318,-0.23524128390294366,-0.26921250906013083,-0.26921250906013083
214829_at,-0.303183734217318,-0.23524128390294366,-0.26921250906013083,-0.26921250906013083
1570574_at,-0.38369715531685106,-0.1539968231467326,-0.26884698923179184,-0.26884698923179184
1570574_at,-0.38369715531685106,-0.1539968231467326,-0.26884698923179184,-0.26884698923179184
209071_s_at,-0.4171324557194035,-0.11832804989999231,-0.2677302528096979,-0.2677302528096979
209071_s_at,-0.4171324557194035,-0.11832804989999231,-0.2677302528096979,-0.2677302528096979
1555722_at,-0.5925424373920349,0.05747970252806144,-0.26753136743198674,-0.26753136743198674
1555722_at,-0.5925424373920349,0.05747970252806144,-0.26753136743198674,-0.26753136743198674
230532_at,-0.5555457368982384,0.02049443220411177,-0.2675256523470633,-0.2675256523470633
230532_at,-0.5555457368982384,0.02049443220411177,-0.2675256523470633,-0.2675256523470633
205233_s_at,-0.10821466362467219,-0.42646319301485736,-0.2673389283197648,-0.2673389283197648
205233_s_at,-0.10821466362467219,-0.42646319301485736,-0.2673389283197648,-0.2673389283197648
220879_at,-0.4077680634527007,-0.12587552697955248,-0.2668217952161266,-0.2668217952161266
220879_at,-0.4077680634527007,-0.12587552697955248,-0.2668217952161266,-0.2668217952161266
243406_at,-0.39509911399051506,-0.13792553779914193,-0.2665123258948285,-0.2665123258948285
243406_at,-0.39509911399051506,-0.13792553779914193,-0.2665123258948285,-0.2665123258948285
206749_at,-0.013304777644767523,-0.5171565832003044,-0.265230680422536,-0.265230680422536
206749_at,-0.013304777644767523,-0.5171565832003044,-0.265230680422536,-0.265230680422536
1557727_at,-0.35367351564398297,-0.1760413309509455,-0.26485742329746426,-0.26485742329746426
1557727_at,-0.35367351564398297,-0.1760413309509455,-0.26485742329746426,-0.26485742329746426
225836_s_at,-0.5314433135134533,0.002213030806772621,-0.26461514135334036,-0.26461514135334036
225836_s_at,-0.5314433135134533,0.002213030806772621,-0.26461514135334036,-0.26461514135334036
223837_at,-0.4802920431789124,-0.04776142277636242,-0.2640267329776374,-0.2640267329776374
223837_at,-0.4802920431789124,-0.04776142277636242,-0.2640267329776374,-0.2640267329776374
211794_at,-0.15331504176966662,-0.374422077323488,-0.2638685595465773,-0.2638685595465773
211794_at,-0.15331504176966662,-0.374422077323488,-0.2638685595465773,-0.2638685595465773
218115_at,-0.1867438638268015,-0.34068783721677404,-0.26371585052178775,-0.26371585052178775
218115_at,-0.1867438638268015,-0.34068783721677404,-0.26371585052178775,-0.26371585052178775
215442_s_at,-0.2664391649645224,-0.25943260668262663,-0.2629358858235745,-0.2629358858235745
215442_s_at,-0.2664391649645224,-0.25943260668262663,-0.2629358858235745,-0.2629358858235745
203849_s_at,-0.5573984759276293,0.03328617758906634,-0.26205614916928144,-0.26205614916928144
203849_s_at,-0.5573984759276293,0.03328617758906634,-0.26205614916928144,-0.26205614916928144
218322_s_at,-0.4389604284747432,-0.08461487623604837,-0.2617876523553958,-0.2617876523553958
218322_s_at,-0.4389604284747432,-0.08461487623604837,-0.2617876523553958,-0.2617876523553958
233159_at,-0.4574806664064956,-0.06498468775103408,-0.26123267707876485,-0.26123267707876485
233159_at,-0.4574806664064956,-0.06498468775103408,-0.26123267707876485,-0.26123267707876485
242939_at,-0.31323990496339393,-0.20638312962385905,-0.2598115172936265,-0.2598115172936265
242939_at,-0.31323990496339393,-0.20638312962385905,-0.2598115172936265,-0.2598115172936265
238741_at,-0.45805450435521167,-0.06073895658352922,-0.25939673046937045,-0.25939673046937045
238741_at,-0.45805450435521167,-0.06073895658352922,-0.25939673046937045,-0.25939673046937045
219759_at,-0.18729449960066694,-0.3307535358666714,-0.2590240177336692,-0.2590240177336692
219759_at,-0.18729449960066694,-0.3307535358666714,-0.2590240177336692,-0.2590240177336692
227176_at,-0.2866020720265839,-0.23135142231495712,-0.2589767471707705,-0.2589767471707705
227176_at,-0.2866020720265839,-0.23135142231495712,-0.2589767471707705,-0.2589767471707705
229772_at,-0.44711761290818935,-0.06967426946320135,-0.25839594118569537,-0.25839594118569537
229772_at,-0.44711761290818935,-0.06967426946320135,-0.25839594118569537,-0.25839594118569537
203703_s_at,-0.565031113575542,0.04988731310127649,-0.2575719002371328,-0.2575719002371328
203703_s_at,-0.565031113575542,0.04988731310127649,-0.2575719002371328,-0.2575719002371328
1552564_at,-0.38722113927012897,-0.12715924774902548,-0.2571901935095772,-0.2571901935095772
1552564_at,-0.38722113927012897,-0.12715924774902548,-0.2571901935095772,-0.2571901935095772
236323_at,-0.4526214675534572,-0.061062260222680194,-0.25684186388806873,-0.25684186388806873
236323_at,-0.4526214675534572,-0.061062260222680194,-0.25684186388806873,-0.25684186388806873
206158_s_at,-0.5287773086917721,0.018018210469719534,-0.2553795491110263,-0.2553795491110263
206158_s_at,-0.5287773086917721,0.018018210469719534,-0.2553795491110263,-0.2553795491110263
243841_at,-0.29436997420351596,-0.21546138365286951,-0.2549156789281927,-0.2549156789281927
243841_at,-0.29436997420351596,-0.21546138365286951,-0.2549156789281927,-0.2549156789281927
239592_at,-0.4522070846804583,-0.05732565979168837,-0.25476637223607335,-0.25476637223607335
239592_at,-0.4522070846804583,-0.05732565979168837,-0.25476637223607335,-0.25476637223607335
226308_at,-0.441145790559634,-0.06791444909940203,-0.254530119829518,-0.254530119829518
226308_at,-0.441145790559634,-0.06791444909940203,-0.254530119829518,-0.254530119829518
215443_at,-0.33507497090569766,-0.1720177745116165,-0.2535463727086571,-0.2535463727086571
215443_at,-0.33507497090569766,-0.1720177745116165,-0.2535463727086571,-0.2535463727086571
203518_at,-0.24059651402331994,-0.26633189555820236,-0.25346420479076115,-0.25346420479076115
203518_at,-0.24059651402331994,-0.26633189555820236,-0.25346420479076115,-0.25346420479076115
234386_s_at,-0.31519447029801106,-0.19085180241484845,-0.25302313635642976,-0.25302313635642976
234386_s_at,-0.31519447029801106,-0.19085180241484845,-0.25302313635642976,-0.25302313635642976
226924_at,-0.4452210617941018,-0.06018950736322127,-0.25270528457866154,-0.25270528457866154
226924_at,-0.4452210617941018,-0.06018950736322127,-0.25270528457866154,-0.25270528457866154
232473_at,-0.23693040833188245,-0.26837777210708186,-0.25265409021948215,-0.25265409021948215
232473_at,-0.23693040833188245,-0.26837777210708186,-0.25265409021948215,-0.25265409021948215
215784_at,0.2078404870126544,-0.7123127123730097,-0.25223611268017765,-0.25223611268017765
215784_at,0.2078404870126544,-0.7123127123730097,-0.25223611268017765,-0.25223611268017765
207441_at,-0.37292789359758655,-0.1310974286076365,-0.25201266110261156,-0.25201266110261156
207441_at,-0.37292789359758655,-0.1310974286076365,-0.25201266110261156,-0.25201266110261156
207642_at,-0.5236973881702353,0.020703675957379205,-0.251496856106428,-0.251496856106428
207642_at,-0.5236973881702353,0.020703675957379205,-0.251496856106428,-0.251496856106428
211792_s_at,-0.44463063200126446,-0.05643080338560604,-0.25053071769343527,-0.25053071769343527
211792_s_at,-0.44463063200126446,-0.05643080338560604,-0.25053071769343527,-0.25053071769343527
236350_at,-0.28467697973881684,-0.21216089491432885,-0.24841893732657283,-0.24841893732657283
236350_at,-0.28467697973881684,-0.21216089491432885,-0.24841893732657283,-0.24841893732657283
224923_at,-0.45834216023853097,-0.03832453721386331,-0.24833334872619714,-0.24833334872619714
224923_at,-0.45834216023853097,-0.03832453721386331,-0.24833334872619714,-0.24833334872619714
203864_s_at,-0.4595062321618956,-0.03657990816500017,-0.2480430701634479,-0.2480430701634479
203864_s_at,-0.4595062321618956,-0.03657990816500017,-0.2480430701634479,-0.2480430701634479
221526_x_at,-0.3597855754670245,-0.1353232838972957,-0.2475544296821601,-0.2475544296821601
221526_x_at,-0.3597855754670245,-0.1353232838972957,-0.2475544296821601,-0.2475544296821601
1554966_a_at,-0.41314808372040346,-0.08047380787375041,-0.24681094579707694,-0.24681094579707694
1554966_a_at,-0.41314808372040346,-0.08047380787375041,-0.24681094579707694,-0.24681094579707694
216945_x_at,-0.5088092789325916,0.015693686885507502,-0.24655779602354208,-0.24655779602354208
216945_x_at,-0.5088092789325916,0.015693686885507502,-0.24655779602354208,-0.24655779602354208
213194_at,-0.21784165701195837,-0.27396891623426245,-0.2459052866231104,-0.2459052866231104
213194_at,-0.21784165701195837,-0.27396891623426245,-0.2459052866231104,-0.2459052866231104
211052_s_at,-0.322728420245037,-0.16679239947476268,-0.24476040985989983,-0.24476040985989983
211052_s_at,-0.322728420245037,-0.16679239947476268,-0.24476040985989983,-0.24476040985989983
206565_x_at,-0.42659048823396717,-0.062352180625345796,-0.2444713344296565,-0.2444713344296565
206565_x_at,-0.42659048823396717,-0.062352180625345796,-0.2444713344296565,-0.2444713344296565
1556220_at,-0.32221281549017405,-0.1630596872194229,-0.2426362513547985,-0.2426362513547985
1556220_at,-0.32221281549017405,-0.1630596872194229,-0.2426362513547985,-0.2426362513547985
227727_at,-0.6885507962654716,0.20375041731929247,-0.24240018947308956,-0.24240018947308956
227727_at,-0.6885507962654716,0.20375041731929247,-0.24240018947308956,-0.24240018947308956
213240_s_at,-0.43574256979382814,-0.047511461097885385,-0.24162701544585677,-0.24162701544585677
213240_s_at,-0.43574256979382814,-0.047511461097885385,-0.24162701544585677,-0.24162701544585677
1560957_at,-0.36581941681472663,-0.11719227173730623,-0.24150584427601643,-0.24150584427601643
1560957_at,-0.36581941681472663,-0.11719227173730623,-0.24150584427601643,-0.24150584427601643
222037_at,-0.24259994925157133,-0.23858447475603717,-0.24059221200380426,-0.24059221200380426
222037_at,-0.24259994925157133,-0.23858447475603717,-0.24059221200380426,-0.24059221200380426
204626_s_at,-0.42300682069425544,-0.05733841695551446,-0.24017261882488494,-0.24017261882488494
204626_s_at,-0.42300682069425544,-0.05733841695551446,-0.24017261882488494,-0.24017261882488494
222021_x_at,-0.5339466320895089,0.05396070703592442,-0.23999296252679223,-0.23999296252679223
222021_x_at,-0.5339466320895089,0.05396070703592442,-0.23999296252679223,-0.23999296252679223
228186_s_at,-0.39353950491271694,-0.08561361729567435,-0.23957656110419565,-0.23957656110419565
228186_s_at,-0.39353950491271694,-0.08561361729567435,-0.23957656110419565,-0.23957656110419565
242630_at,-0.28994522196499706,-0.18870512719188054,-0.2393251745784388,-0.2393251745784388
242630_at,-0.28994522196499706,-0.18870512719188054,-0.2393251745784388,-0.2393251745784388
213370_s_at,-0.11174413456303417,-0.36554855679264087,-0.23864634567783752,-0.23864634567783752
213370_s_at,-0.11174413456303417,-0.36554855679264087,-0.23864634567783752,-0.23864634567783752
243422_at,-0.4361796280317984,-0.04012235499600735,-0.23815099151390287,-0.23815099151390287
243422_at,-0.4361796280317984,-0.04012235499600735,-0.23815099151390287,-0.23815099151390287
212377_s_at,-0.4396344672194568,-0.03413349033768748,-0.23688397877857215,-0.23688397877857215
212377_s_at,-0.4396344672194568,-0.03413349033768748,-0.23688397877857215,-0.23688397877857215
1553709_a_at,-0.4349233638403566,-0.03875545667423149,-0.23683941025729405,-0.23683941025729405
1553709_a_at,-0.4349233638403566,-0.03875545667423149,-0.23683941025729405,-0.23683941025729405
200871_s_at,-0.4394289807217963,-0.03312979434544728,-0.2362793875336218,-0.2362793875336218
200871_s_at,-0.4394289807217963,-0.03312979434544728,-0.2362793875336218,-0.2362793875336218
207800_at,-0.31334941981074516,-0.1584590763895824,-0.23590424810016378,-0.23590424810016378
207800_at,-0.31334941981074516,-0.1584590763895824,-0.23590424810016378,-0.23590424810016378
237748_at,-0.41994006389278377,-0.0511312795303252,-0.23553567171155448,-0.23553567171155448
237748_at,-0.41994006389278377,-0.0511312795303252,-0.23553567171155448,-0.23553567171155448
230545_at,-0.30473303971882665,-0.1656189609985308,-0.23517600035867872,-0.23517600035867872
230545_at,-0.30473303971882665,-0.1656189609985308,-0.23517600035867872,-0.23517600035867872
234962_at,-0.5012862233122565,0.03094462798146573,-0.23517079766539536,-0.23517079766539536
234962_at,-0.5012862233122565,0.03094462798146573,-0.23517079766539536,-0.23517079766539536
212519_at,-0.7884629635362017,0.31862702752934846,-0.23491796800342662,-0.23491796800342662
212519_at,-0.7884629635362017,0.31862702752934846,-0.23491796800342662,-0.23491796800342662
220699_s_at,-0.316053031729468,-0.15245757129747137,-0.23425530151346968,-0.23425530151346968
220699_s_at,-0.316053031729468,-0.15245757129747137,-0.23425530151346968,-0.23425530151346968
218319_at,-0.6776647346159813,0.20921811352446085,-0.23422331054576023,-0.23422331054576023
218319_at,-0.6776647346159813,0.20921811352446085,-0.23422331054576023,-0.23422331054576023
208999_at,-0.06099920306582363,-0.40703050064179747,-0.23401485185381055,-0.23401485185381055
208999_at,-0.06099920306582363,-0.40703050064179747,-0.23401485185381055,-0.23401485185381055
1554780_a_at,-0.3536398827273467,-0.11424694188377676,-0.23394341230556173,-0.23394341230556173
1554780_a_at,-0.3536398827273467,-0.11424694188377676,-0.23394341230556173,-0.23394341230556173
203588_s_at,-0.31234733059321723,-0.15519537767648284,-0.23377135413485003,-0.23377135413485003
203588_s_at,-0.31234733059321723,-0.15519537767648284,-0.23377135413485003,-0.23377135413485003
240534_at,-0.36558246687519036,-0.10177908304015786,-0.23368077495767411,-0.23368077495767411
240534_at,-0.36558246687519036,-0.10177908304015786,-0.23368077495767411,-0.23368077495767411
1564369_at,-0.47309907134564405,0.0067177427387996695,-0.2331906643034222,-0.2331906643034222
1564369_at,-0.47309907134564405,0.0067177427387996695,-0.2331906643034222,-0.2331906643034222
213793_s_at,-0.11443456026059591,-0.35143551580546367,-0.23293503803302978,-0.23293503803302978
213793_s_at,-0.11443456026059591,-0.35143551580546367,-0.23293503803302978,-0.23293503803302978
202134_s_at,-0.3769107442279632,-0.08826349709883538,-0.23258712066339932,-0.23258712066339932
202134_s_at,-0.3769107442279632,-0.08826349709883538,-0.23258712066339932,-0.23258712066339932
231383_at,-0.31720000891962674,-0.14635386735264394,-0.23177693813613534,-0.23177693813613534
231383_at,-0.31720000891962674,-0.14635386735264394,-0.23177693813613534,-0.23177693813613534
206804_at,-0.34126664648378474,-0.12154120313345583,-0.2314039248086203,-0.2314039248086203
206804_at,-0.34126664648378474,-0.12154120313345583,-0.2314039248086203,-0.2314039248086203
221221_s_at,-0.5777977623343622,0.11544213400046337,-0.2311778141669494,-0.2311778141669494
221221_s_at,-0.5777977623343622,0.11544213400046337,-0.2311778141669494,-0.2311778141669494
219076_s_at,-0.5983380332927241,0.13655259037060655,-0.23089272146105877,-0.23089272146105877
219076_s_at,-0.5983380332927241,0.13655259037060655,-0.23089272146105877,-0.23089272146105877
1557523_at,-0.2091951568795962,-0.25138425305993745,-0.2302897049697668,-0.2302897049697668
1557523_at,-0.2091951568795962,-0.25138425305993745,-0.2302897049697668,-0.2302897049697668
231174_s_at,-0.3454294815772321,-0.11424096800772583,-0.22983522479247895,-0.22983522479247895
231174_s_at,-0.3454294815772321,-0.11424096800772583,-0.22983522479247895,-0.22983522479247895
239885_at,-0.3984282033716071,-0.05956164110781056,-0.22899492223970883,-0.22899492223970883
239885_at,-0.3984282033716071,-0.05956164110781056,-0.22899492223970883,-0.22899492223970883
1570283_at,-0.5449211252211894,0.08807586235003935,-0.22842263143557504,-0.22842263143557504
1570283_at,-0.5449211252211894,0.08807586235003935,-0.22842263143557504,-0.22842263143557504
203210_s_at,-0.23600313935066092,-0.2195662495715497,-0.2277846944611053,-0.2277846944611053
203210_s_at,-0.23600313935066092,-0.2195662495715497,-0.2277846944611053,-0.2277846944611053
218629_at,-0.4237709321821069,-0.03047681465406708,-0.22712387341808699,-0.22712387341808699
218629_at,-0.4237709321821069,-0.03047681465406708,-0.22712387341808699,-0.22712387341808699
1554273_a_at,-0.19234720037787426,-0.26167126942225266,-0.22700923490006347,-0.22700923490006347
1554273_a_at,-0.19234720037787426,-0.26167126942225266,-0.22700923490006347,-0.22700923490006347
231570_at,-0.42071484007069654,-0.03237839371904197,-0.22654661689486927,-0.22654661689486927
231570_at,-0.42071484007069654,-0.03237839371904197,-0.22654661689486927,-0.22654661689486927
233936_s_at,-0.5736314696920848,0.12158943922404129,-0.22602101523402174,-0.22602101523402174
233936_s_at,-0.5736314696920848,0.12158943922404129,-0.22602101523402174,-0.22602101523402174
1552563_a_at,-0.35030914591596746,-0.10149645461623684,-0.22590280026610216,-0.22590280026610216
1552563_a_at,-0.35030914591596746,-0.10149645461623684,-0.22590280026610216,-0.22590280026610216
223794_at,-0.3182781472223669,-0.13222022516702023,-0.22524918619469358,-0.22524918619469358
223794_at,-0.3182781472223669,-0.13222022516702023,-0.22524918619469358,-0.22524918619469358
203627_at,-0.3347214945136915,-0.11161207947990595,-0.2231667869967987,-0.2231667869967987
203627_at,-0.3347214945136915,-0.11161207947990595,-0.2231667869967987,-0.2231667869967987
223067_at,-0.4565916347817141,0.010553536544437222,-0.22301904911863843,-0.22301904911863843
223067_at,-0.4565916347817141,0.010553536544437222,-0.22301904911863843,-0.22301904911863843
223230_at,-0.5486764000711555,0.10322502232843439,-0.22272568887136054,-0.22272568887136054
223230_at,-0.5486764000711555,0.10322502232843439,-0.22272568887136054,-0.22272568887136054
219703_at,-0.04485365498810961,-0.399299547176766,-0.22207660108243782,-0.22207660108243782
219703_at,-0.04485365498810961,-0.399299547176766,-0.22207660108243782,-0.22207660108243782
203406_at,-0.5089299532604664,0.0652586617973705,-0.22183564573154796,-0.22183564573154796
203406_at,-0.5089299532604664,0.0652586617973705,-0.22183564573154796,-0.22183564573154796
230997_at,-0.4459594162098649,0.002354417531181037,-0.22180249933934193,-0.22180249933934193
230997_at,-0.4459594162098649,0.002354417531181037,-0.22180249933934193,-0.22180249933934193
1568957_x_at,-0.46041882385963506,0.01755743195027209,-0.22143069595468148,-0.22143069595468148
1568957_x_at,-0.46041882385963506,0.01755743195027209,-0.22143069595468148,-0.22143069595468148
1559321_at,-0.45410624600880123,0.011281005869990694,-0.22141262006940526,-0.22141262006940526
1559321_at,-0.45410624600880123,0.011281005869990694,-0.22141262006940526,-0.22141262006940526
201381_x_at,-0.32597957379537246,-0.11639118977284092,-0.22118538178410668,-0.22118538178410668
201381_x_at,-0.32597957379537246,-0.11639118977284092,-0.22118538178410668,-0.22118538178410668
212350_at,-0.42466877604013187,-0.01626373913010147,-0.22046625758511668,-0.22046625758511668
212350_at,-0.42466877604013187,-0.01626373913010147,-0.22046625758511668,-0.22046625758511668
230831_at,-0.19986611154857784,-0.2395664190245227,-0.21971626528655025,-0.21971626528655025
230831_at,-0.19986611154857784,-0.2395664190245227,-0.21971626528655025,-0.21971626528655025
236083_at,-0.3318999088213607,-0.10177784635174789,-0.2168388775865543,-0.2168388775865543
236083_at,-0.3318999088213607,-0.10177784635174789,-0.2168388775865543,-0.2168388775865543
206499_s_at,-0.21853409546430147,-0.21514032379803552,-0.21683720963116848,-0.21683720963116848
206499_s_at,-0.21853409546430147,-0.21514032379803552,-0.21683720963116848,-0.21683720963116848
217878_s_at,-0.31205526202164385,-0.12076693698978792,-0.21641109950571588,-0.21641109950571588
217878_s_at,-0.31205526202164385,-0.12076693698978792,-0.21641109950571588,-0.21641109950571588
219856_at,-0.46918781373033036,0.03669383820241647,-0.21624698776395695,-0.21624698776395695
219856_at,-0.46918781373033036,0.03669383820241647,-0.21624698776395695,-0.21624698776395695
212371_at,-0.45354103229593773,0.021424572781958227,-0.21605822975698974,-0.21605822975698974
212371_at,-0.45354103229593773,0.021424572781958227,-0.21605822975698974,-0.21605822975698974
236042_at,-0.48769306985242444,0.05643786083502199,-0.21562760450870122,-0.21562760450870122
236042_at,-0.48769306985242444,0.05643786083502199,-0.21562760450870122,-0.21562760450870122
217640_x_at,-0.18061339700839027,-0.25061390056488997,-0.21561364878664013,-0.21561364878664013
217640_x_at,-0.18061339700839027,-0.25061390056488997,-0.21561364878664013,-0.21561364878664013
1566201_at,-0.45966305518523604,0.029476827724554934,-0.21509311373034054,-0.21509311373034054
1566201_at,-0.45966305518523604,0.029476827724554934,-0.21509311373034054,-0.21509311373034054
227030_at,-0.025637653823609774,-0.40387413358679625,-0.214755893705203,-0.214755893705203
227030_at,-0.025637653823609774,-0.40387413358679625,-0.214755893705203,-0.214755893705203
235117_at,-0.27092746707881726,-0.15849848052880935,-0.21471297380381332,-0.21471297380381332
235117_at,-0.27092746707881726,-0.15849848052880935,-0.21471297380381332,-0.21471297380381332
225342_at,-0.37201532801695886,-0.0564409851590549,-0.21422815658800687,-0.21422815658800687
225342_at,-0.37201532801695886,-0.0564409851590549,-0.21422815658800687,-0.21422815658800687
223283_s_at,-0.5312507940711224,0.10314485737984537,-0.21405296834563853,-0.21405296834563853
223283_s_at,-0.5312507940711224,0.10314485737984537,-0.21405296834563853,-0.21405296834563853
1553096_s_at,-0.42471178320807534,-0.001577924052894432,-0.21314485363048488,-0.21314485363048488
1553096_s_at,-0.42471178320807534,-0.001577924052894432,-0.21314485363048488,-0.21314485363048488
203413_at,-0.33270979779961174,-0.09251086823217344,-0.2126103330158926,-0.2126103330158926
203413_at,-0.33270979779961174,-0.09251086823217344,-0.2126103330158926,-0.2126103330158926
243358_at,-0.32203736253748183,-0.10171899026173334,-0.2118781763996076,-0.2118781763996076
243358_at,-0.32203736253748183,-0.10171899026173334,-0.2118781763996076,-0.2118781763996076
1554271_a_at,-0.1485705997660661,-0.27425311448704887,-0.21141185712655747,-0.21141185712655747
1554271_a_at,-0.1485705997660661,-0.27425311448704887,-0.21141185712655747,-0.21141185712655747
205995_x_at,-0.4984759229349882,0.0791730770216171,-0.20965142295668554,-0.20965142295668554
205995_x_at,-0.4984759229349882,0.0791730770216171,-0.20965142295668554,-0.20965142295668554
215545_at,-0.25037027250334465,-0.16475776068586354,-0.2075640165946041,-0.2075640165946041
215545_at,-0.25037027250334465,-0.16475776068586354,-0.2075640165946041,-0.2075640165946041
241956_at,-0.5366114570731918,0.12239544232233449,-0.20710800737542867,-0.20710800737542867
241956_at,-0.5366114570731918,0.12239544232233449,-0.20710800737542867,-0.20710800737542867
218108_at,-0.33489657165830805,-0.07901997244037341,-0.20695827204934072,-0.20695827204934072
218108_at,-0.33489657165830805,-0.07901997244037341,-0.20695827204934072,-0.20695827204934072
1562642_at,-0.38252706073204235,-0.030230397993130927,-0.20637872936258664,-0.20637872936258664
1562642_at,-0.38252706073204235,-0.030230397993130927,-0.20637872936258664,-0.20637872936258664
213844_at,-0.6914757704500794,0.2802605311220666,-0.20560761966400637,-0.20560761966400637
213844_at,-0.6914757704500794,0.2802605311220666,-0.20560761966400637,-0.20560761966400637
1053_at,-0.2584260554556266,-0.1525416982694923,-0.20548387686255942,-0.20548387686255942
1053_at,-0.2584260554556266,-0.1525416982694923,-0.20548387686255942,-0.20548387686255942
214953_s_at,-0.3065934358999667,-0.10399548628147888,-0.20529446109072277,-0.20529446109072277
214953_s_at,-0.3065934358999667,-0.10399548628147888,-0.20529446109072277,-0.20529446109072277
217745_s_at,-0.5152137623622388,0.10464129993703677,-0.20528623121260103,-0.20528623121260103
217745_s_at,-0.5152137623622388,0.10464129993703677,-0.20528623121260103,-0.20528623121260103
210239_at,-0.3428373376213538,-0.06742219764839949,-0.20512976763487667,-0.20512976763487667
210239_at,-0.3428373376213538,-0.06742219764839949,-0.20512976763487667,-0.20512976763487667
239355_at,-0.652204954980245,0.24242480810272707,-0.20489007343875898,-0.20489007343875898
239355_at,-0.652204954980245,0.24242480810272707,-0.20489007343875898,-0.20489007343875898
221859_at,-0.45301994649208865,0.04400688025370429,-0.20450653311919217,-0.20450653311919217
221859_at,-0.45301994649208865,0.04400688025370429,-0.20450653311919217,-0.20450653311919217
234811_at,-0.32582038883148057,-0.0823231075767227,-0.20407174820410162,-0.20407174820410162
234811_at,-0.32582038883148057,-0.0823231075767227,-0.20407174820410162,-0.20407174820410162
236301_at,0.005802406184534437,-0.41069333411586256,-0.20244546396566407,-0.20244546396566407
236301_at,0.005802406184534437,-0.41069333411586256,-0.20244546396566407,-0.20244546396566407
237486_at,-0.3433519206477504,-0.06034502433950245,-0.20184847249362642,-0.20184847249362642
237486_at,-0.3433519206477504,-0.06034502433950245,-0.20184847249362642,-0.20184847249362642
232418_at,-0.23162610991800453,-0.1715111234357119,-0.20156861667685821,-0.20156861667685821
232418_at,-0.23162610991800453,-0.1715111234357119,-0.20156861667685821,-0.20156861667685821
224806_at,-0.3662700968630367,-0.036092089137544574,-0.20118109300029063,-0.20118109300029063
224806_at,-0.3662700968630367,-0.036092089137544574,-0.20118109300029063,-0.20118109300029063
209891_at,0.0530144846105242,-0.45086669569793053,-0.19892610554370316,-0.19892610554370316
209891_at,0.0530144846105242,-0.45086669569793053,-0.19892610554370316,-0.19892610554370316
211707_s_at,-0.4670706501600098,0.07050617733602077,-0.19828223641199452,-0.19828223641199452
211707_s_at,-0.4670706501600098,0.07050617733602077,-0.19828223641199452,-0.19828223641199452
239012_at,-0.30236041411446807,-0.0932137262864942,-0.19778707020048114,-0.19778707020048114
239012_at,-0.30236041411446807,-0.0932137262864942,-0.19778707020048114,-0.19778707020048114
202780_at,-0.4258261907949306,0.0320389429062137,-0.19689362394435844,-0.19689362394435844
202780_at,-0.4258261907949306,0.0320389429062137,-0.19689362394435844,-0.19689362394435844
241810_at,-0.3268791716966435,-0.06647614749379702,-0.19667765959522027,-0.19667765959522027
241810_at,-0.3268791716966435,-0.06647614749379702,-0.19667765959522027,-0.19667765959522027
206195_x_at,-0.45689283552619664,0.06409476332698577,-0.19639903609960543,-0.19639903609960543
206195_x_at,-0.45689283552619664,0.06409476332698577,-0.19639903609960543,-0.19639903609960543
1562966_at,-0.28364478143018995,-0.1086065238402458,-0.19612565263521786,-0.19612565263521786
1562966_at,-0.28364478143018995,-0.1086065238402458,-0.19612565263521786,-0.19612565263521786
232198_at,-0.22571349027536963,-0.16467676979056253,-0.19519513003296607,-0.19519513003296607
232198_at,-0.22571349027536963,-0.16467676979056253,-0.19519513003296607,-0.19519513003296607
212263_at,-0.28168572974151734,-0.10787568046479723,-0.1947807051031573,-0.1947807051031573
212263_at,-0.28168572974151734,-0.10787568046479723,-0.1947807051031573,-0.1947807051031573
220099_s_at,-0.5325401254402543,0.14727857455127008,-0.1926307754444921,-0.1926307754444921
220099_s_at,-0.5325401254402543,0.14727857455127008,-0.1926307754444921,-0.1926307754444921
244505_at,-0.33511614874657536,-0.0498120674174639,-0.19246410808201964,-0.19246410808201964
244505_at,-0.33511614874657536,-0.0498120674174639,-0.19246410808201964,-0.19246410808201964
1552309_a_at,-0.012672415830052425,-0.3712964763851513,-0.19198444610760185,-0.19198444610760185
1552309_a_at,-0.012672415830052425,-0.3712964763851513,-0.19198444610760185,-0.19198444610760185
239413_at,-0.3218264755743269,-0.061939103351245195,-0.19188278946278606,-0.19188278946278606
239413_at,-0.3218264755743269,-0.061939103351245195,-0.19188278946278606,-0.19188278946278606
239054_at,-0.19503203521107915,-0.18854066163069802,-0.1917863484208886,-0.1917863484208886
239054_at,-0.19503203521107915,-0.18854066163069802,-0.1917863484208886,-0.1917863484208886
1558392_at,-0.25671761829129686,-0.1260175930420443,-0.19136760566667058,-0.19136760566667058
1558392_at,-0.25671761829129686,-0.1260175930420443,-0.19136760566667058,-0.19136760566667058
202269_x_at,-0.18985133278165522,-0.19043462402046873,-0.19014297840106198,-0.19014297840106198
202269_x_at,-0.18985133278165522,-0.19043462402046873,-0.19014297840106198,-0.19014297840106198
236908_at,-0.08682146114490516,-0.29327063957639626,-0.1900460503606507,-0.1900460503606507
236908_at,-0.08682146114490516,-0.29327063957639626,-0.1900460503606507,-0.1900460503606507
228485_s_at,-0.3697408046908121,-0.009900119579228003,-0.18982046213502005,-0.18982046213502005
228485_s_at,-0.3697408046908121,-0.009900119579228003,-0.18982046213502005,-0.18982046213502005
1570347_at,-0.4393038781201711,0.05973091316740861,-0.18978648247638125,-0.18978648247638125
1570347_at,-0.4393038781201711,0.05973091316740861,-0.18978648247638125,-0.18978648247638125
1555608_at,-0.5617857236112118,0.18361481616530193,-0.18908545372295493,-0.18908545372295493
1555608_at,-0.5617857236112118,0.18361481616530193,-0.18908545372295493,-0.18908545372295493
203880_at,-0.47442881653536223,0.09630547012164377,-0.18906167320685924,-0.18906167320685924
203880_at,-0.47442881653536223,0.09630547012164377,-0.18906167320685924,-0.18906167320685924
232293_at,-0.5598394689636287,0.1818102020155926,-0.18901463347401803,-0.18901463347401803
232293_at,-0.5598394689636287,0.1818102020155926,-0.18901463347401803,-0.18901463347401803
212141_at,0.016752293727289872,-0.3945286850314389,-0.18888819565207451,-0.18888819565207451
212141_at,0.016752293727289872,-0.3945286850314389,-0.18888819565207451,-0.18888819565207451
223799_at,-0.4570492791516476,0.07964131163832476,-0.18870398375666142,-0.18870398375666142
223799_at,-0.4570492791516476,0.07964131163832476,-0.18870398375666142,-0.18870398375666142
202484_s_at,-0.6547986988849238,0.2805537376834646,-0.1871224806007296,-0.1871224806007296
202484_s_at,-0.6547986988849238,0.2805537376834646,-0.1871224806007296,-0.1871224806007296
205085_at,-0.17776848759489272,-0.19569770546486187,-0.1867330965298773,-0.1867330965298773
205085_at,-0.17776848759489272,-0.19569770546486187,-0.1867330965298773,-0.1867330965298773
200934_at,-0.26406068842594177,-0.10885947222103455,-0.18646008032348815,-0.18646008032348815
200934_at,-0.26406068842594177,-0.10885947222103455,-0.18646008032348815,-0.18646008032348815
205934_at,-0.17618384697274886,-0.19489181106639963,-0.18553782901957425,-0.18553782901957425
205934_at,-0.17618384697274886,-0.19489181106639963,-0.18553782901957425,-0.18553782901957425
201392_s_at,-0.3575987876157745,-0.013379198763651354,-0.18548899318971293,-0.18548899318971293
201392_s_at,-0.3575987876157745,-0.013379198763651354,-0.18548899318971293,-0.18548899318971293
227944_at,-0.15737056198513902,-0.21312023162751434,-0.18524539680632668,-0.18524539680632668
227944_at,-0.15737056198513902,-0.21312023162751434,-0.18524539680632668,-0.18524539680632668
212142_at,-0.029569934809839004,-0.3390352394173444,-0.1843025871135917,-0.1843025871135917
212142_at,-0.029569934809839004,-0.3390352394173444,-0.1843025871135917,-0.1843025871135917
217148_x_at,-0.2514396608305078,-0.11691239189721682,-0.1841760263638623,-0.1841760263638623
217148_x_at,-0.2514396608305078,-0.11691239189721682,-0.1841760263638623,-0.1841760263638623
222889_at,-0.3396613372979042,-0.02800669012424118,-0.1838340137110727,-0.1838340137110727
222889_at,-0.3396613372979042,-0.02800669012424118,-0.1838340137110727,-0.1838340137110727
218802_at,-0.472412537217602,0.10586108376024939,-0.1832757267286763,-0.1832757267286763
218802_at,-0.472412537217602,0.10586108376024939,-0.1832757267286763,-0.1832757267286763
210691_s_at,-0.31829858325991506,-0.04812037211136368,-0.18320947768563936,-0.18320947768563936
210691_s_at,-0.31829858325991506,-0.04812037211136368,-0.18320947768563936,-0.18320947768563936
226080_at,-0.40792052025992914,0.0415942023534064,-0.18316315895326138,-0.18316315895326138
226080_at,-0.40792052025992914,0.0415942023534064,-0.18316315895326138,-0.18316315895326138
222740_at,-0.337995862324994,-0.02663467118882288,-0.18231526675690846,-0.18231526675690846
222740_at,-0.337995862324994,-0.02663467118882288,-0.18231526675690846,-0.18231526675690846
201462_at,-0.22173750824409033,-0.14216917902933437,-0.18195334363671234,-0.18195334363671234
201462_at,-0.22173750824409033,-0.14216917902933437,-0.18195334363671234,-0.18195334363671234
221521_s_at,-0.26592599560855446,-0.09746737533598315,-0.1816966854722688,-0.1816966854722688
221521_s_at,-0.26592599560855446,-0.09746737533598315,-0.1816966854722688,-0.1816966854722688
218904_s_at,-0.25896318808070895,-0.10276479089511491,-0.18086398948791194,-0.18086398948791194
218904_s_at,-0.25896318808070895,-0.10276479089511491,-0.18086398948791194,-0.18086398948791194
210676_x_at,-0.18282664116764907,-0.17849025133927948,-0.18065844625346428,-0.18065844625346428
210676_x_at,-0.18282664116764907,-0.17849025133927948,-0.18065844625346428,-0.18065844625346428
1560132_a_at,-0.1933781635126073,-0.16715011141132574,-0.1802641374619665,-0.1802641374619665
1560132_a_at,-0.1933781635126073,-0.16715011141132574,-0.1802641374619665,-0.1802641374619665
212330_at,-0.056981098881436175,-0.3001474848425349,-0.17856429186198552,-0.17856429186198552
212330_at,-0.056981098881436175,-0.3001474848425349,-0.17856429186198552,-0.17856429186198552
1560754_at,-0.26570633620151896,-0.09035704236714147,-0.17803168928433022,-0.17803168928433022
1560754_at,-0.26570633620151896,-0.09035704236714147,-0.17803168928433022,-0.17803168928433022
204938_s_at,-0.24430821721659043,-0.11068455696051165,-0.17749638708855103,-0.17749638708855103
204938_s_at,-0.24430821721659043,-0.11068455696051165,-0.17749638708855103,-0.17749638708855103
212847_at,-0.6554740013534112,0.3033653712681286,-0.17605431504264127,-0.17605431504264127
212847_at,-0.6554740013534112,0.3033653712681286,-0.17605431504264127,-0.17605431504264127
231167_at,-0.2917504704608248,-0.05868782760475207,-0.17521914903278843,-0.17521914903278843
231167_at,-0.2917504704608248,-0.05868782760475207,-0.17521914903278843,-0.17521914903278843
219474_at,-0.10481531027688412,-0.24250798824089084,-0.1736616492588875,-0.1736616492588875
219474_at,-0.10481531027688412,-0.24250798824089084,-0.1736616492588875,-0.1736616492588875
218080_x_at,-0.35607656182767233,0.009038740354866799,-0.17351891073640277,-0.17351891073640277
218080_x_at,-0.35607656182767233,0.009038740354866799,-0.17351891073640277,-0.17351891073640277
201093_x_at,-0.42813270602353093,0.08193783842552127,-0.17309743379900483,-0.17309743379900483
201093_x_at,-0.42813270602353093,0.08193783842552127,-0.17309743379900483,-0.17309743379900483
215509_s_at,-0.12353339680330104,-0.22261610536475301,-0.17307475108402703,-0.17307475108402703
215509_s_at,-0.12353339680330104,-0.22261610536475301,-0.17307475108402703,-0.17307475108402703
1563495_at,-0.23471937331858522,-0.10944687963874032,-0.17208312647866278,-0.17208312647866278
1563495_at,-0.23471937331858522,-0.10944687963874032,-0.17208312647866278,-0.17208312647866278
222130_s_at,-0.22928615839680574,-0.11478629442697615,-0.17203622641189095,-0.17203622641189095
222130_s_at,-0.22928615839680574,-0.11478629442697615,-0.17203622641189095,-0.17203622641189095
208399_s_at,-0.3147539075288897,-0.027712616465690433,-0.17123326199729008,-0.17123326199729008
208399_s_at,-0.3147539075288897,-0.027712616465690433,-0.17123326199729008,-0.17123326199729008
217823_s_at,-0.5420198658136656,0.19973635449680113,-0.1711417556584322,-0.1711417556584322
217823_s_at,-0.5420198658136656,0.19973635449680113,-0.1711417556584322,-0.1711417556584322
235331_x_at,-0.22869273080373118,-0.11246256366441647,-0.17057764723407381,-0.17057764723407381
235331_x_at,-0.22869273080373118,-0.11246256366441647,-0.17057764723407381,-0.17057764723407381
209840_s_at,-0.27651344193597166,-0.06288787886866387,-0.16970066040231777,-0.16970066040231777
209840_s_at,-0.27651344193597166,-0.06288787886866387,-0.16970066040231777,-0.16970066040231777
203259_s_at,-0.5112565335837648,0.17414224628598554,-0.16855714364888963,-0.16855714364888963
203259_s_at,-0.5112565335837648,0.17414224628598554,-0.16855714364888963,-0.16855714364888963
1562797_at,-0.19914681770493659,-0.13296407505895805,-0.1660554463819473,-0.1660554463819473
1562797_at,-0.19914681770493659,-0.13296407505895805,-0.1660554463819473,-0.1660554463819473
238917_s_at,-0.26680961289529226,-0.06344699906371051,-0.1651283059795014,-0.1651283059795014
238917_s_at,-0.26680961289529226,-0.06344699906371051,-0.1651283059795014,-0.1651283059795014
222454_s_at,-0.2708859244245964,-0.0579991924245112,-0.1644425584245538,-0.1644425584245538
222454_s_at,-0.2708859244245964,-0.0579991924245112,-0.1644425584245538,-0.1644425584245538
217346_at,-0.36763999441569695,0.03915296319404064,-0.16424351561082814,-0.16424351561082814
217346_at,-0.36763999441569695,0.03915296319404064,-0.16424351561082814,-0.16424351561082814
203103_s_at,-0.26710981580793236,-0.06066257249744202,-0.16388619415268718,-0.16388619415268718
203103_s_at,-0.26710981580793236,-0.06066257249744202,-0.16388619415268718,-0.16388619415268718
1566622_at,-0.3082747942059551,-0.015863959189937816,-0.16206937669794647,-0.16206937669794647
1566622_at,-0.3082747942059551,-0.015863959189937816,-0.16206937669794647,-0.16206937669794647
201755_at,-0.17056580251225836,-0.1534374560599441,-0.16200162928610123,-0.16200162928610123
201755_at,-0.17056580251225836,-0.1534374560599441,-0.16200162928610123,-0.16200162928610123
207979_s_at,-0.184904665623402,-0.13898616315873563,-0.1619454143910688,-0.1619454143910688
207979_s_at,-0.184904665623402,-0.13898616315873563,-0.1619454143910688,-0.1619454143910688
219258_at,-0.24664622473947997,-0.0757186267402203,-0.16118242573985014,-0.16118242573985014
219258_at,-0.24664622473947997,-0.0757186267402203,-0.16118242573985014,-0.16118242573985014
203401_at,-0.41437398175899737,0.09262359114160433,-0.1608751953086965,-0.1608751953086965
203401_at,-0.41437398175899737,0.09262359114160433,-0.1608751953086965,-0.1608751953086965
214474_at,-0.2796433448917174,-0.04181218066946942,-0.1607277627805934,-0.1607277627805934
214474_at,-0.2796433448917174,-0.04181218066946942,-0.1607277627805934,-0.1607277627805934
229192_s_at,-0.1725111450662698,-0.14795465136095148,-0.16023289821361064,-0.16023289821361064
229192_s_at,-0.1725111450662698,-0.14795465136095148,-0.16023289821361064,-0.16023289821361064
220223_at,0.02808023924870358,-0.346303442280208,-0.1591116015157522,-0.1591116015157522
220223_at,0.02808023924870358,-0.346303442280208,-0.1591116015157522,-0.1591116015157522
1555758_a_at,-0.15546378802470281,-0.1611437515690963,-0.15830376979689956,-0.15830376979689956
1555758_a_at,-0.15546378802470281,-0.1611437515690963,-0.15830376979689956,-0.15830376979689956
213305_s_at,-0.2784852253429672,-0.03811970660752697,-0.15830246597524708,-0.15830246597524708
213305_s_at,-0.2784852253429672,-0.03811970660752697,-0.15830246597524708,-0.15830246597524708
206095_s_at,-0.43901645419719726,0.12406819568252575,-0.15747412925733575,-0.15747412925733575
206095_s_at,-0.43901645419719726,0.12406819568252575,-0.15747412925733575,-0.15747412925733575
237207_at,-0.17695723503858155,-0.13639000937531953,-0.15667362220695052,-0.15667362220695052
237207_at,-0.17695723503858155,-0.13639000937531953,-0.15667362220695052,-0.15667362220695052
236198_at,-0.48262766783281136,0.16933505006215177,-0.1566463088853298,-0.1566463088853298
236198_at,-0.48262766783281136,0.16933505006215177,-0.1566463088853298,-0.1566463088853298
205285_s_at,-0.14494955957214903,-0.16817043939286738,-0.1565599994825082,-0.1565599994825082
205285_s_at,-0.14494955957214903,-0.16817043939286738,-0.1565599994825082,-0.1565599994825082
1559577_at,-0.28320185465703357,-0.02896352716262834,-0.15608269090983096,-0.15608269090983096
1559577_at,-0.28320185465703357,-0.02896352716262834,-0.15608269090983096,-0.15608269090983096
204533_at,-0.22916926546987396,-0.07566563096935668,-0.1524174482196153,-0.1524174482196153
204533_at,-0.22916926546987396,-0.07566563096935668,-0.1524174482196153,-0.1524174482196153
233429_at,-0.41532405070508616,0.11217136310504687,-0.15157634380001964,-0.15157634380001964
233429_at,-0.41532405070508616,0.11217136310504687,-0.15157634380001964,-0.15157634380001964
212825_at,-0.31371090492917364,0.011088344742080092,-0.15131128009354677,-0.15131128009354677
212825_at,-0.31371090492917364,0.011088344742080092,-0.15131128009354677,-0.15131128009354677
235735_at,-0.12844433933056457,-0.17324944704321193,-0.15084689318688826,-0.15084689318688826
235735_at,-0.12844433933056457,-0.17324944704321193,-0.15084689318688826,-0.15084689318688826
228615_at,-0.42320501772000874,0.12457407822475194,-0.14931546974762838,-0.14931546974762838
228615_at,-0.42320501772000874,0.12457407822475194,-0.14931546974762838,-0.14931546974762838
202941_at,-0.38225158586851193,0.08382775732345668,-0.1492119142725276,-0.1492119142725276
202941_at,-0.38225158586851193,0.08382775732345668,-0.1492119142725276,-0.1492119142725276
1555154_a_at,-0.18684320126947565,-0.11074205489960237,-0.14879262808453902,-0.14879262808453902
1555154_a_at,-0.18684320126947565,-0.11074205489960237,-0.14879262808453902,-0.14879262808453902
1564193_at,-0.23954645487596574,-0.057980971822812075,-0.1487637133493889,-0.1487637133493889
1564193_at,-0.23954645487596574,-0.057980971822812075,-0.1487637133493889,-0.1487637133493889
229715_at,-0.16861323548198176,-0.12815767542244477,-0.14838545545221327,-0.14838545545221327
229715_at,-0.16861323548198176,-0.12815767542244477,-0.14838545545221327,-0.14838545545221327
238506_at,-0.16749546298657456,-0.12825294709556853,-0.14787420504107154,-0.14787420504107154
238506_at,-0.16749546298657456,-0.12825294709556853,-0.14787420504107154,-0.14787420504107154
226157_at,-0.3601648334015652,0.06449075566294914,-0.14783703886930802,-0.14783703886930802
226157_at,-0.3601648334015652,0.06449075566294914,-0.14783703886930802,-0.14783703886930802
222592_s_at,-0.27848610501544385,-0.015424018807748949,-0.1469550619115964,-0.1469550619115964
222592_s_at,-0.27848610501544385,-0.015424018807748949,-0.1469550619115964,-0.1469550619115964
1562908_at,-0.34194644062808865,0.049537225651520286,-0.14620460748828418,-0.14620460748828418
1562908_at,-0.34194644062808865,0.049537225651520286,-0.14620460748828418,-0.14620460748828418
238933_at,-0.22661422888613084,-0.06195006294411934,-0.1442821459151251,-0.1442821459151251
238933_at,-0.22661422888613084,-0.06195006294411934,-0.1442821459151251,-0.1442821459151251
202766_s_at,-0.3074667425896735,0.02054984153303116,-0.14345845052832118,-0.14345845052832118
202766_s_at,-0.3074667425896735,0.02054984153303116,-0.14345845052832118,-0.14345845052832118
200886_s_at,-0.288162799332935,0.004006960834491693,-0.14207791924922164,-0.14207791924922164
200886_s_at,-0.288162799332935,0.004006960834491693,-0.14207791924922164,-0.14207791924922164
214648_at,-0.319799128568704,0.03575778478350016,-0.14202067189260192,-0.14202067189260192
214648_at,-0.319799128568704,0.03575778478350016,-0.14202067189260192,-0.14202067189260192
231880_at,-0.12766292556966025,-0.15575033717245704,-0.14170663137105866,-0.14170663137105866
231880_at,-0.12766292556966025,-0.15575033717245704,-0.14170663137105866,-0.14170663137105866
218182_s_at,-0.31973264283375036,0.037987051693212946,-0.14087279557026872,-0.14087279557026872
218182_s_at,-0.31973264283375036,0.037987051693212946,-0.14087279557026872,-0.14087279557026872
225068_at,-0.3590624969985663,0.0783505686457041,-0.1403559641764311,-0.1403559641764311
225068_at,-0.3590624969985663,0.0783505686457041,-0.1403559641764311,-0.1403559641764311
220873_at,-0.22418183191180727,-0.053889838407925376,-0.1390358351598663,-0.1390358351598663
220873_at,-0.22418183191180727,-0.053889838407925376,-0.1390358351598663,-0.1390358351598663
205167_s_at,-0.14204308659201495,-0.13505390876951168,-0.13854849768076333,-0.13854849768076333
205167_s_at,-0.14204308659201495,-0.13505390876951168,-0.13854849768076333,-0.13854849768076333
225303_at,-0.11390062697562188,-0.16258094445124102,-0.13824078571343146,-0.13824078571343146
225303_at,-0.11390062697562188,-0.16258094445124102,-0.13824078571343146,-0.13824078571343146
201092_at,-0.31643197958667735,0.04100854724643965,-0.13771171617011885,-0.13771171617011885
201092_at,-0.31643197958667735,0.04100854724643965,-0.13771171617011885,-0.13771171617011885
204159_at,-0.4395326163864338,0.16569843219496944,-0.1369170920957322,-0.1369170920957322
204159_at,-0.4395326163864338,0.16569843219496944,-0.1369170920957322,-0.1369170920957322
209339_at,-0.3844037405767455,0.11553978186246106,-0.1344319793571422,-0.1344319793571422
209339_at,-0.3844037405767455,0.11553978186246106,-0.1344319793571422,-0.1344319793571422
242664_at,-0.01813646327243227,-0.24905744059116136,-0.13359695193179683,-0.13359695193179683
242664_at,-0.01813646327243227,-0.24905744059116136,-0.13359695193179683,-0.13359695193179683
205287_s_at,-0.241462394086679,-0.025282512627844516,-0.13337245335726175,-0.13337245335726175
205287_s_at,-0.241462394086679,-0.025282512627844516,-0.13337245335726175,-0.13337245335726175
202443_x_at,-0.2891389726288327,0.02292147241015249,-0.13310875010934012,-0.13310875010934012
202443_x_at,-0.2891389726288327,0.02292147241015249,-0.13310875010934012,-0.13310875010934012
216624_s_at,-0.31653056869606633,0.05149030392654274,-0.1325201323847618,-0.1325201323847618
216624_s_at,-0.31653056869606633,0.05149030392654274,-0.1325201323847618,-0.1325201323847618
227620_at,-0.24209763560330397,-0.021085253047367015,-0.13159144432533548,-0.13159144432533548
227620_at,-0.24209763560330397,-0.021085253047367015,-0.13159144432533548,-0.13159144432533548
201157_s_at,-0.23786736895107746,-0.024769359978971388,-0.13131836446502443,-0.13131836446502443
201157_s_at,-0.23786736895107746,-0.024769359978971388,-0.13131836446502443,-0.13131836446502443
1554680_s_at,-0.30721236902215693,0.04522418210692177,-0.1309940934576176,-0.1309940934576176
1554680_s_at,-0.30721236902215693,0.04522418210692177,-0.1309940934576176,-0.1309940934576176
227545_at,-0.26317858777698144,0.0015658128620248224,-0.1308063874574783,-0.1308063874574783
227545_at,-0.26317858777698144,0.0015658128620248224,-0.1308063874574783,-0.1308063874574783
227438_at,-0.27989560060152896,0.020554941203369058,-0.12967032969907996,-0.12967032969907996
227438_at,-0.27989560060152896,0.020554941203369058,-0.12967032969907996,-0.12967032969907996
220738_s_at,-0.17722622795387166,-0.08005986793491428,-0.12864304794439296,-0.12864304794439296
220738_s_at,-0.17722622795387166,-0.08005986793491428,-0.12864304794439296,-0.12864304794439296
243714_at,-0.05461057711087258,-0.2019362509536649,-0.12827341403226875,-0.12827341403226875
243714_at,-0.05461057711087258,-0.2019362509536649,-0.12827341403226875,-0.12827341403226875
205480_s_at,-0.1443584592882255,-0.11157539170225185,-0.12796692549523866,-0.12796692549523866
205480_s_at,-0.1443584592882255,-0.11157539170225185,-0.12796692549523866,-0.12796692549523866
239231_at,-0.4342880519121086,0.1784049522634188,-0.1279415498243449,-0.1279415498243449
239231_at,-0.4342880519121086,0.1784049522634188,-0.1279415498243449,-0.1279415498243449
218939_at,-0.04593510543630434,-0.20736001185982106,-0.1266475586480627,-0.1266475586480627
218939_at,-0.04593510543630434,-0.20736001185982106,-0.1266475586480627,-0.1266475586480627
217787_s_at,-0.4442224426263367,0.19313856640820765,-0.12554193810906453,-0.12554193810906453
217787_s_at,-0.4442224426263367,0.19313856640820765,-0.12554193810906453,-0.12554193810906453
1564391_at,-0.3245383600713205,0.07439107547087875,-0.12507364230022086,-0.12507364230022086
1564391_at,-0.3245383600713205,0.07439107547087875,-0.12507364230022086,-0.12507364230022086
202899_s_at,-0.31897057208580726,0.06932003197435803,-0.12482527005572461,-0.12482527005572461
202899_s_at,-0.31897057208580726,0.06932003197435803,-0.12482527005572461,-0.12482527005572461
203967_at,0.057418953777742296,-0.3070455298964282,-0.12481328805934294,-0.12481328805934294
203967_at,0.057418953777742296,-0.3070455298964282,-0.12481328805934294,-0.12481328805934294
211000_s_at,-0.1767255899136635,-0.07192881751084816,-0.12432720371225583,-0.12432720371225583
211000_s_at,-0.1767255899136635,-0.07192881751084816,-0.12432720371225583,-0.12432720371225583
232246_at,-0.32785657998475826,0.07988778161603191,-0.12398439918436317,-0.12398439918436317
232246_at,-0.32785657998475826,0.07988778161603191,-0.12398439918436317,-0.12398439918436317
229194_at,-0.42081118184612687,0.17542829125053389,-0.12269144529779649,-0.12269144529779649
229194_at,-0.42081118184612687,0.17542829125053389,-0.12269144529779649,-0.12269144529779649
241020_at,-0.36588315570968766,0.12184398324611942,-0.12201958623178412,-0.12201958623178412
241020_at,-0.36588315570968766,0.12184398324611942,-0.12201958623178412,-0.12201958623178412
226743_at,-0.06083292925742608,-0.17964165112096492,-0.1202372901891955,-0.1202372901891955
226743_at,-0.06083292925742608,-0.17964165112096492,-0.1202372901891955,-0.1202372901891955
213096_at,-0.21768510097412605,-0.02186713481310434,-0.1197761178936152,-0.1197761178936152
213096_at,-0.21768510097412605,-0.02186713481310434,-0.1197761178936152,-0.1197761178936152
226085_at,-0.43391248862848764,0.19436739502546346,-0.11977254680151209,-0.11977254680151209
226085_at,-0.43391248862848764,0.19436739502546346,-0.11977254680151209,-0.11977254680151209
207802_at,-0.07274937488949479,-0.16476042912462038,-0.11875490200705759,-0.11875490200705759
207802_at,-0.07274937488949479,-0.16476042912462038,-0.11875490200705759,-0.11875490200705759
233198_at,-0.18531255696798604,-0.050646462558726416,-0.11797950976335622,-0.11797950976335622
233198_at,-0.18531255696798604,-0.050646462558726416,-0.11797950976335622,-0.11797950976335622
203873_at,-0.1694879599571156,-0.06494327405652675,-0.11721561700682118,-0.11721561700682118
203873_at,-0.1694879599571156,-0.06494327405652675,-0.11721561700682118,-0.11721561700682118
1554287_at,-0.0711086395619201,-0.1621454631517247,-0.1166270513568224,-0.1166270513568224
1554287_at,-0.0711086395619201,-0.1621454631517247,-0.1166270513568224,-0.1166270513568224
204863_s_at,-0.12917805093884582,-0.1028788795761377,-0.11602846525749176,-0.11602846525749176
204863_s_at,-0.12917805093884582,-0.1028788795761377,-0.11602846525749176,-0.11602846525749176
227415_at,0.0663059655154347,-0.298274728617615,-0.11598438155109014,-0.11598438155109014
227415_at,0.0663059655154347,-0.298274728617615,-0.11598438155109014,-0.11598438155109014
217281_x_at,-0.2201888585323325,-0.010231982142277437,-0.11521042033730497,-0.11521042033730497
217281_x_at,-0.2201888585323325,-0.010231982142277437,-0.11521042033730497,-0.11521042033730497
1567223_at,-0.23327964782406163,0.0031164058440903484,-0.11508162098998564,-0.11508162098998564
1567223_at,-0.23327964782406163,0.0031164058440903484,-0.11508162098998564,-0.11508162098998564
1559049_a_at,-0.07292061479634518,-0.1569463142770139,-0.11493346453667953,-0.11493346453667953
1559049_a_at,-0.07292061479634518,-0.1569463142770139,-0.11493346453667953,-0.11493346453667953
204395_s_at,-0.25048047291081926,0.021315725751842898,-0.11458237357948818,-0.11458237357948818
204395_s_at,-0.25048047291081926,0.021315725751842898,-0.11458237357948818,-0.11458237357948818
202412_s_at,-0.1169828517768068,-0.10936995277899068,-0.11317640227789874,-0.11317640227789874
202412_s_at,-0.1169828517768068,-0.10936995277899068,-0.11317640227789874,-0.11317640227789874
206684_s_at,-0.3340500024990342,0.11032300252791351,-0.11186349998556036,-0.11186349998556036
206684_s_at,-0.3340500024990342,0.11032300252791351,-0.11186349998556036,-0.11186349998556036
201176_s_at,-0.4397211734236618,0.22110007077886873,-0.10931055132239653,-0.10931055132239653
201176_s_at,-0.4397211734236618,0.22110007077886873,-0.10931055132239653,-0.10931055132239653
223515_s_at,-0.24797822997312824,0.029708958872431943,-0.10913463555034815,-0.10913463555034815
223515_s_at,-0.24797822997312824,0.029708958872431943,-0.10913463555034815,-0.10913463555034815
204158_s_at,-0.3626900446967756,0.14486816356933643,-0.1089109405637196,-0.1089109405637196
204158_s_at,-0.3626900446967756,0.14486816356933643,-0.1089109405637196,-0.1089109405637196
228628_at,-0.07623913304273314,-0.14147350694181268,-0.10885631999227291,-0.10885631999227291
228628_at,-0.07623913304273314,-0.14147350694181268,-0.10885631999227291,-0.10885631999227291
212126_at,-0.06600033243910626,-0.15001115975100668,-0.10800574609505648,-0.10800574609505648
212126_at,-0.06600033243910626,-0.15001115975100668,-0.10800574609505648,-0.10800574609505648
213137_s_at,-0.49135678250949755,0.2765664369263068,-0.10739517279159538,-0.10739517279159538
213137_s_at,-0.49135678250949755,0.2765664369263068,-0.10739517279159538,-0.10739517279159538
1563596_at,-0.06758625257359076,-0.14703714944453644,-0.10731170100906359,-0.10731170100906359
1563596_at,-0.06758625257359076,-0.14703714944453644,-0.10731170100906359,-0.10731170100906359
204826_at,-0.049101268504263794,-0.164764991268927,-0.1069331298865954,-0.1069331298865954
204826_at,-0.049101268504263794,-0.164764991268927,-0.1069331298865954,-0.1069331298865954
217010_s_at,-0.08277540161480355,-0.1306010769917643,-0.10668823930328392,-0.10668823930328392
217010_s_at,-0.08277540161480355,-0.1306010769917643,-0.10668823930328392,-0.10668823930328392
237563_s_at,-0.21235512642811916,-0.0005203925358227518,-0.10643775948197096,-0.10643775948197096
237563_s_at,-0.21235512642811916,-0.0005203925358227518,-0.10643775948197096,-0.10643775948197096
236208_at,-0.305058639848806,0.09415924815162018,-0.1054496958485929,-0.1054496958485929
236208_at,-0.305058639848806,0.09415924815162018,-0.1054496958485929,-0.1054496958485929
218782_s_at,-0.13088004722415744,-0.07869677282980757,-0.1047884100269825,-0.1047884100269825
218782_s_at,-0.13088004722415744,-0.07869677282980757,-0.1047884100269825,-0.1047884100269825
228585_at,-0.14286147848764294,-0.06502327551297211,-0.10394237700030753,-0.10394237700030753
228585_at,-0.14286147848764294,-0.06502327551297211,-0.10394237700030753,-0.10394237700030753
200866_s_at,-0.33023200428354244,0.12270247432078828,-0.10376476498137707,-0.10376476498137707
200866_s_at,-0.33023200428354244,0.12270247432078828,-0.10376476498137707,-0.10376476498137707
213392_at,-0.12761341532504367,-0.07915262047028783,-0.10338301789766574,-0.10338301789766574
213392_at,-0.12761341532504367,-0.07915262047028783,-0.10338301789766574,-0.10338301789766574
1559293_x_at,-0.21780784095514175,0.012155225824486025,-0.10282630756532786,-0.10282630756532786
1559293_x_at,-0.21780784095514175,0.012155225824486025,-0.10282630756532786,-0.10282630756532786
1562415_a_at,-0.11331034694950393,-0.08773966268879667,-0.1005250048191503,-0.1005250048191503
1562415_a_at,-0.11331034694950393,-0.08773966268879667,-0.1005250048191503,-0.1005250048191503
1568777_at,-0.17831430032570172,-0.02239661330265081,-0.10035545681417626,-0.10035545681417626
1568777_at,-0.17831430032570172,-0.02239661330265081,-0.10035545681417626,-0.10035545681417626
1564763_at,-0.13171975716260775,-0.06614359988724726,-0.09893167852492751,-0.09893167852492751
1564763_at,-0.13171975716260775,-0.06614359988724726,-0.09893167852492751,-0.09893167852492751
238041_at,-0.3739227005869197,0.1761187861792675,-0.0989019572038261,-0.0989019572038261
238041_at,-0.3739227005869197,0.1761187861792675,-0.0989019572038261,-0.0989019572038261
235971_at,-0.04243028342057504,-0.15489630571450622,-0.09866329456754062,-0.09866329456754062
235971_at,-0.04243028342057504,-0.15489630571450622,-0.09866329456754062,-0.09866329456754062
222393_s_at,-0.43939181387214027,0.24248433247384665,-0.09845374069914681,-0.09845374069914681
222393_s_at,-0.43939181387214027,0.24248433247384665,-0.09845374069914681,-0.09845374069914681
228401_at,-0.1057790658045336,-0.09040606433253169,-0.09809256506853264,-0.09809256506853264
228401_at,-0.1057790658045336,-0.09040606433253169,-0.09809256506853264,-0.09809256506853264
240821_at,-0.03375622861249365,-0.16187750181440957,-0.09781686521345162,-0.09781686521345162
240821_at,-0.03375622861249365,-0.16187750181440957,-0.09781686521345162,-0.09781686521345162
229073_at,-0.06169261786848204,-0.13212562060929806,-0.09690911923889005,-0.09690911923889005
229073_at,-0.06169261786848204,-0.13212562060929806,-0.09690911923889005,-0.09690911923889005
208079_s_at,-0.15078229377614857,-0.042881355869545404,-0.096831824822847,-0.096831824822847
208079_s_at,-0.15078229377614857,-0.042881355869545404,-0.096831824822847,-0.096831824822847
235113_at,-0.25928026245055097,0.06730080095631434,-0.09598973074711831,-0.09598973074711831
235113_at,-0.25928026245055097,0.06730080095631434,-0.09598973074711831,-0.09598973074711831
217284_x_at,0.021626319662914128,-0.21069286887458294,-0.09453327460583441,-0.09453327460583441
217284_x_at,0.021626319662914128,-0.21069286887458294,-0.09453327460583441,-0.09453327460583441
207716_at,-0.20452199856435418,0.015601674930664626,-0.09446016181684477,-0.09446016181684477
207716_at,-0.20452199856435418,0.015601674930664626,-0.09446016181684477,-0.09446016181684477
232095_at,-0.11724372217554375,-0.07154365181233083,-0.0943936869939373,-0.0943936869939373
232095_at,-0.11724372217554375,-0.07154365181233083,-0.0943936869939373,-0.0943936869939373
216237_s_at,-0.19284519793849292,0.005410933022524188,-0.09371713245798437,-0.09371713245798437
216237_s_at,-0.19284519793849292,0.005410933022524188,-0.09371713245798437,-0.09371713245798437
233541_at,-0.49885551487117086,0.3126174294481471,-0.09311904271151189,-0.09311904271151189
233541_at,-0.49885551487117086,0.3126174294481471,-0.09311904271151189,-0.09311904271151189
201267_s_at,-0.3788888487956452,0.19508411550882718,-0.09190236664340902,-0.09190236664340902
201267_s_at,-0.3788888487956452,0.19508411550882718,-0.09190236664340902,-0.09190236664340902
217668_at,-0.10671006707778309,-0.0768718874367621,-0.09179097725727259,-0.09179097725727259
217668_at,-0.10671006707778309,-0.0768718874367621,-0.09179097725727259,-0.09179097725727259
222158_s_at,-0.2075831277553987,0.024943382186355494,-0.0913198727845216,-0.0913198727845216
222158_s_at,-0.2075831277553987,0.024943382186355494,-0.0913198727845216,-0.0913198727845216
218619_s_at,-0.16639605398106286,-0.013146788080217174,-0.08977142103064002,-0.08977142103064002
218619_s_at,-0.16639605398106286,-0.013146788080217174,-0.08977142103064002,-0.08977142103064002
241725_at,-0.16773087471152173,-0.008105544455025407,-0.08791820958327357,-0.08791820958327357
241725_at,-0.16773087471152173,-0.008105544455025407,-0.08791820958327357,-0.08791820958327357
228033_at,0.08871939240158411,-0.2608117751010083,-0.08604619134971209,-0.08604619134971209
228033_at,0.08871939240158411,-0.2608117751010083,-0.08604619134971209,-0.08604619134971209
205429_s_at,0.013674152425595651,-0.1850650872329089,-0.08569546740365663,-0.08569546740365663
205429_s_at,0.013674152425595651,-0.1850650872329089,-0.08569546740365663,-0.08569546740365663
213170_at,-0.3288734787199741,0.1580684576332505,-0.08540251054336179,-0.08540251054336179
213170_at,-0.3288734787199741,0.1580684576332505,-0.08540251054336179,-0.08540251054336179
228067_at,-0.10542696773202864,-0.06399281217944247,-0.08470988995573556,-0.08470988995573556
228067_at,-0.10542696773202864,-0.06399281217944247,-0.08470988995573556,-0.08470988995573556
238222_at,-0.20778974992829405,0.03888047739139837,-0.08445463626844785,-0.08445463626844785
238222_at,-0.20778974992829405,0.03888047739139837,-0.08445463626844785,-0.08445463626844785
237610_at,-0.04238196539983876,-0.12539971680594716,-0.08389084110289297,-0.08389084110289297
237610_at,-0.04238196539983876,-0.12539971680594716,-0.08389084110289297,-0.08389084110289297
204319_s_at,-0.4473078543615047,0.28081885652662203,-0.08324449891744135,-0.08324449891744135
204319_s_at,-0.4473078543615047,0.28081885652662203,-0.08324449891744135,-0.08324449891744135
215942_s_at,-0.002245077220545569,-0.16246217413989306,-0.08235362568021931,-0.08235362568021931
215942_s_at,-0.002245077220545569,-0.16246217413989306,-0.08235362568021931,-0.08235362568021931
205922_at,-0.09067848420977066,-0.07332039152634214,-0.0819994378680564,-0.0819994378680564
205922_at,-0.09067848420977066,-0.07332039152634214,-0.0819994378680564,-0.0819994378680564
224802_at,0.07306072929781024,-0.23654731924738281,-0.08174329497478629,-0.08174329497478629
224802_at,0.07306072929781024,-0.23654731924738281,-0.08174329497478629,-0.08174329497478629
201929_s_at,0.03365684788391193,-0.19610603194674128,-0.08122459203141467,-0.08122459203141467
201929_s_at,0.03365684788391193,-0.19610603194674128,-0.08122459203141467,-0.08122459203141467
203589_s_at,-0.27699015058776183,0.11601228482576607,-0.08048893288099787,-0.08048893288099787
203589_s_at,-0.27699015058776183,0.11601228482576607,-0.08048893288099787,-0.08048893288099787
221314_at,-0.13475222535747702,-0.025865042444534515,-0.08030863390100577,-0.08030863390100577
221314_at,-0.13475222535747702,-0.025865042444534515,-0.08030863390100577,-0.08030863390100577
200043_at,-0.2437421399710211,0.09036453298410621,-0.07668880349345744,-0.07668880349345744
200043_at,-0.2437421399710211,0.09036453298410621,-0.07668880349345744,-0.07668880349345744
204663_at,-0.18506235672461996,0.03210708794578629,-0.07647763438941683,-0.07647763438941683
204663_at,-0.18506235672461996,0.03210708794578629,-0.07647763438941683,-0.07647763438941683
204817_at,0.11360703732507434,-0.2652338579381993,-0.0758134103065625,-0.0758134103065625
204817_at,0.11360703732507434,-0.2652338579381993,-0.0758134103065625,-0.0758134103065625
1555970_at,-0.2172182382207135,0.0658781018513282,-0.07567006818469266,-0.07567006818469266
1555970_at,-0.2172182382207135,0.0658781018513282,-0.07567006818469266,-0.07567006818469266
225168_at,-0.0025599291009015123,-0.14676667721195955,-0.07466330315643054,-0.07466330315643054
225168_at,-0.0025599291009015123,-0.14676667721195955,-0.07466330315643054,-0.07466330315643054
202413_s_at,-0.14288885494768133,-0.005712264695264123,-0.07430055982147273,-0.07430055982147273
202413_s_at,-0.14288885494768133,-0.005712264695264123,-0.07430055982147273,-0.07430055982147273
228961_at,-0.3751687724495595,0.22706354523164177,-0.07405261360895886,-0.07405261360895886
228961_at,-0.3751687724495595,0.22706354523164177,-0.07405261360895886,-0.07405261360895886
200028_s_at,-0.3235172160514666,0.17707686430298647,-0.07322017587424007,-0.07322017587424007
200028_s_at,-0.3235172160514666,0.17707686430298647,-0.07322017587424007,-0.07322017587424007
201393_s_at,-0.3907927325388178,0.24755099924462176,-0.07162086664709802,-0.07162086664709802
201393_s_at,-0.3907927325388178,0.24755099924462176,-0.07162086664709802,-0.07162086664709802
235875_at,-0.4540863172956182,0.31362967326545826,-0.07022832201507997,-0.07022832201507997
235875_at,-0.4540863172956182,0.31362967326545826,-0.07022832201507997,-0.07022832201507997
225349_at,-0.3369671853622915,0.19661949820890773,-0.07017384357669187,-0.07017384357669187
225349_at,-0.3369671853622915,0.19661949820890773,-0.07017384357669187,-0.07017384357669187
239253_at,0.15131842164738069,-0.2913302386095563,-0.07000590848108781,-0.07000590848108781
239253_at,0.15131842164738069,-0.2913302386095563,-0.07000590848108781,-0.07000590848108781
203148_s_at,-0.21980841835356849,0.08107063243717885,-0.06936889295819482,-0.06936889295819482
203148_s_at,-0.21980841835356849,0.08107063243717885,-0.06936889295819482,-0.06936889295819482
218167_at,-0.48227380365181816,0.34509869163029266,-0.06858755601076275,-0.06858755601076275
218167_at,-0.48227380365181816,0.34509869163029266,-0.06858755601076275,-0.06858755601076275
201928_at,-0.11980071798140375,-0.016103706914862473,-0.06795221244813311,-0.06795221244813311
201928_at,-0.11980071798140375,-0.016103706914862473,-0.06795221244813311,-0.06795221244813311
239579_at,-0.004534914862646288,-0.13109829193373373,-0.06781660339819001,-0.06781660339819001
239579_at,-0.004534914862646288,-0.13109829193373373,-0.06781660339819001,-0.06781660339819001
217788_s_at,-0.2894428130057201,0.15561893616885192,-0.0669119384184341,-0.0669119384184341
217788_s_at,-0.2894428130057201,0.15561893616885192,-0.0669119384184341,-0.0669119384184341
227629_at,-0.06525991969517281,-0.06846867455007984,-0.06686429712262631,-0.06686429712262631
227629_at,-0.06525991969517281,-0.06846867455007984,-0.06686429712262631,-0.06686429712262631
222573_s_at,0.06607547102122927,-0.19880061262768778,-0.06636257080322926,-0.06636257080322926
222573_s_at,0.06607547102122927,-0.19880061262768778,-0.06636257080322926,-0.06636257080322926
227414_at,-0.16924459758486934,0.03752356349692835,-0.0658605170439705,-0.0658605170439705
227414_at,-0.16924459758486934,0.03752356349692835,-0.0658605170439705,-0.0658605170439705
212811_x_at,-0.3110376044050158,0.18089061167568002,-0.0650734963646679,-0.0650734963646679
212811_x_at,-0.3110376044050158,0.18089061167568002,-0.0650734963646679,-0.0650734963646679
232951_at,-0.05314800606757855,-0.0765747738049894,-0.06486138993628397,-0.06486138993628397
232951_at,-0.05314800606757855,-0.0765747738049894,-0.06486138993628397,-0.06486138993628397
205345_at,-0.13983926725092932,0.010740605621410064,-0.06454933081475962,-0.06454933081475962
205345_at,-0.13983926725092932,0.010740605621410064,-0.06454933081475962,-0.06454933081475962
1557985_s_at,0.05834753440693635,-0.1866819535395762,-0.06416720956631992,-0.06416720956631992
1557985_s_at,0.05834753440693635,-0.1866819535395762,-0.06416720956631992,-0.06416720956631992
233907_s_at,-0.11968894505047889,-0.0077752627726878345,-0.06373210391158336,-0.06373210391158336
233907_s_at,-0.11968894505047889,-0.0077752627726878345,-0.06373210391158336,-0.06373210391158336
241024_at,0.056589065489412504,-0.18314864270189316,-0.06327978860624033,-0.06327978860624033
241024_at,0.056589065489412504,-0.18314864270189316,-0.06327978860624033,-0.06327978860624033
205393_s_at,-0.1471499676249469,0.02178137495926286,-0.06268429633284202,-0.06268429633284202
205393_s_at,-0.1471499676249469,0.02178137495926286,-0.06268429633284202,-0.06268429633284202
204127_at,-0.10373786606147287,-0.02102739146403449,-0.062382628762753675,-0.062382628762753675
204127_at,-0.10373786606147287,-0.02102739146403449,-0.062382628762753675,-0.062382628762753675
203138_at,-0.3855233289783989,0.2630332520380762,-0.061245038470161356,-0.061245038470161356
203138_at,-0.3855233289783989,0.2630332520380762,-0.061245038470161356,-0.061245038470161356
225538_at,-0.19223550009885515,0.07034057265189127,-0.06094746372348194,-0.06094746372348194
225538_at,-0.19223550009885515,0.07034057265189127,-0.06094746372348194,-0.06094746372348194
223680_at,-0.2169483062903022,0.09530164381722041,-0.0608233312365409,-0.0608233312365409
223680_at,-0.2169483062903022,0.09530164381722041,-0.0608233312365409,-0.0608233312365409
216547_at,-0.046990348558026696,-0.07448316366962883,-0.06073675611382776,-0.06073675611382776
216547_at,-0.046990348558026696,-0.07448316366962883,-0.06073675611382776,-0.06073675611382776
228646_at,-0.04864211843263697,-0.07140194456686673,-0.060022031499751854,-0.060022031499751854
228646_at,-0.04864211843263697,-0.07140194456686673,-0.060022031499751854,-0.060022031499751854
221703_at,0.03927484299873161,-0.15875573684503516,-0.05974044692315178,-0.05974044692315178
221703_at,0.03927484299873161,-0.15875573684503516,-0.05974044692315178,-0.05974044692315178
212810_s_at,-0.29753294190685015,0.1784632915271828,-0.059534825189833676,-0.059534825189833676
212810_s_at,-0.29753294190685015,0.1784632915271828,-0.059534825189833676,-0.059534825189833676
224786_at,-0.3668882150172966,0.24813781552823372,-0.059375199744531454,-0.059375199744531454
224786_at,-0.3668882150172966,0.24813781552823372,-0.059375199744531454,-0.059375199744531454
1557386_at,-0.05448448457604905,-0.0617877326555844,-0.05813610861581672,-0.05813610861581672
1557386_at,-0.05448448457604905,-0.0617877326555844,-0.05813610861581672,-0.05813610861581672
225907_at,-0.2083184630057175,0.09328754677581427,-0.05751545811495161,-0.05751545811495161
225907_at,-0.2083184630057175,0.09328754677581427,-0.05751545811495161,-0.05751545811495161
227349_at,0.032056865492638704,-0.14702499550835285,-0.05748406500785708,-0.05748406500785708
227349_at,0.032056865492638704,-0.14702499550835285,-0.05748406500785708,-0.05748406500785708
218857_s_at,-0.16355007751184272,0.053415836219176775,-0.05506712064633297,-0.05506712064633297
218857_s_at,-0.16355007751184272,0.053415836219176775,-0.05506712064633297,-0.05506712064633297
221043_at,-0.07165522147162313,-0.03801646426683487,-0.054835842869229004,-0.054835842869229004
221043_at,-0.07165522147162313,-0.03801646426683487,-0.054835842869229004,-0.054835842869229004
222036_s_at,-0.091046496315278,-0.017649034812909258,-0.05434776556409363,-0.05434776556409363
222036_s_at,-0.091046496315278,-0.017649034812909258,-0.05434776556409363,-0.05434776556409363
217336_at,-0.05833580313091009,-0.04956663463019957,-0.05395121888055483,-0.05395121888055483
217336_at,-0.05833580313091009,-0.04956663463019957,-0.05395121888055483,-0.05395121888055483
209714_s_at,0.030201586840920135,-0.13807903662995533,-0.05393872489451759,-0.05393872489451759
209714_s_at,0.030201586840920135,-0.13807903662995533,-0.05393872489451759,-0.05393872489451759
212245_at,-0.4926348987440952,0.38759557016472834,-0.05251966428968344,-0.05251966428968344
212245_at,-0.4926348987440952,0.38759557016472834,-0.05251966428968344,-0.05251966428968344
211793_s_at,-0.23982860478293247,0.13572756681111567,-0.0520505189859084,-0.0520505189859084
211793_s_at,-0.23982860478293247,0.13572756681111567,-0.0520505189859084,-0.0520505189859084
237953_at,-0.007884965432520716,-0.09136011657306072,-0.04962254100279072,-0.04962254100279072
237953_at,-0.007884965432520716,-0.09136011657306072,-0.04962254100279072,-0.04962254100279072
205046_at,0.0362896449671704,-0.13406849286817482,-0.048889423950502206,-0.048889423950502206
205046_at,0.0362896449671704,-0.13406849286817482,-0.048889423950502206,-0.048889423950502206
1564631_at,-0.1984937412999945,0.10211533184573451,-0.048189204727129994,-0.048189204727129994
1564631_at,-0.1984937412999945,0.10211533184573451,-0.048189204727129994,-0.048189204727129994
226178_at,-0.23213690376518012,0.13584225700577812,-0.048147323379701,-0.048147323379701
226178_at,-0.23213690376518012,0.13584225700577812,-0.048147323379701,-0.048147323379701
212793_at,-0.09474511568798905,-0.0002771154632225794,-0.04751111557560581,-0.04751111557560581
212793_at,-0.09474511568798905,-0.0002771154632225794,-0.04751111557560581,-0.04751111557560581
229488_at,-0.2651956264217216,0.17253145313135645,-0.04633208664518258,-0.04633208664518258
229488_at,-0.2651956264217216,0.17253145313135645,-0.04633208664518258,-0.04633208664518258
234150_at,0.20189132151805142,-0.2931747228218659,-0.045641700651907244,-0.045641700651907244
234150_at,0.20189132151805142,-0.2931747228218659,-0.045641700651907244,-0.045641700651907244
226770_at,-0.02570038122529526,-0.06533761265756478,-0.04551899694143002,-0.04551899694143002
226770_at,-0.02570038122529526,-0.06533761265756478,-0.04551899694143002,-0.04551899694143002
222464_s_at,-0.18601937199148494,0.09843523286522961,-0.043792069563127665,-0.043792069563127665
222464_s_at,-0.18601937199148494,0.09843523286522961,-0.043792069563127665,-0.043792069563127665
202761_s_at,-0.0842320882223225,-0.00202910227906199,-0.043130595250692245,-0.043130595250692245
202761_s_at,-0.0842320882223225,-0.00202910227906199,-0.043130595250692245,-0.043130595250692245
204866_at,-0.19351157631775762,0.10730925188058146,-0.04310116221858808,-0.04310116221858808
204866_at,-0.19351157631775762,0.10730925188058146,-0.04310116221858808,-0.04310116221858808
229610_at,0.17407931822583642,-0.25919721201509555,-0.042558946894629565,-0.042558946894629565
229610_at,0.17407931822583642,-0.25919721201509555,-0.042558946894629565,-0.042558946894629565
1562163_at,0.027351342599557606,-0.11203254292852548,-0.04234060016448393,-0.04234060016448393
1562163_at,0.027351342599557606,-0.11203254292852548,-0.04234060016448393,-0.04234060016448393
239964_at,-0.1945932237689989,0.11040304003068627,-0.04209509186915632,-0.04209509186915632
239964_at,-0.1945932237689989,0.11040304003068627,-0.04209509186915632,-0.04209509186915632
226002_at,0.05762589191722742,-0.14181077959251556,-0.04209244383764407,-0.04209244383764407
226002_at,0.05762589191722742,-0.14181077959251556,-0.04209244383764407,-0.04209244383764407
1553088_a_at,-0.027336003924259174,-0.052044500274300645,-0.03969025209927991,-0.03969025209927991
1553088_a_at,-0.027336003924259174,-0.052044500274300645,-0.03969025209927991,-0.03969025209927991
214543_x_at,-0.050286483320381006,-0.026576087613430523,-0.03843128546690577,-0.03843128546690577
214543_x_at,-0.050286483320381006,-0.026576087613430523,-0.03843128546690577,-0.03843128546690577
239205_s_at,-0.15486019915922367,0.07895295942776646,-0.0379536198657286,-0.0379536198657286
239205_s_at,-0.15486019915922367,0.07895295942776646,-0.0379536198657286,-0.0379536198657286
202107_s_at,-0.05217742225676079,-0.022476809856525694,-0.03732711605664324,-0.03732711605664324
202107_s_at,-0.05217742225676079,-0.022476809856525694,-0.03732711605664324,-0.03732711605664324
211450_s_at,-0.02815097344559467,-0.04598318484483111,-0.03706707914521289,-0.03706707914521289
211450_s_at,-0.02815097344559467,-0.04598318484483111,-0.03706707914521289,-0.03706707914521289
201562_s_at,-0.05038906147615081,-0.02278136169058754,-0.03658521158336918,-0.03658521158336918
201562_s_at,-0.05038906147615081,-0.02278136169058754,-0.03658521158336918,-0.03658521158336918
216075_at,-0.16493101640431654,0.09194773885879667,-0.03649163877275993,-0.03649163877275993
216075_at,-0.16493101640431654,0.09194773885879667,-0.03649163877275993,-0.03649163877275993
227462_at,-0.08607957440313393,0.013759652558601463,-0.036159960922266234,-0.036159960922266234
227462_at,-0.08607957440313393,0.013759652558601463,-0.036159960922266234,-0.036159960922266234
214727_at,0.20407264660675722,-0.2758334725750782,-0.035880412984160476,-0.035880412984160476
214727_at,0.20407264660675722,-0.2758334725750782,-0.035880412984160476,-0.035880412984160476
222279_at,-0.22434860825933678,0.15269074097590407,-0.035828933641716354,-0.035828933641716354
222279_at,-0.22434860825933678,0.15269074097590407,-0.035828933641716354,-0.035828933641716354
243715_at,-0.09259484547135964,0.021359783958045674,-0.03561753075665698,-0.03561753075665698
243715_at,-0.09259484547135964,0.021359783958045674,-0.03561753075665698,-0.03561753075665698
210062_s_at,-0.2859694960972167,0.21553731787297428,-0.03521608911212122,-0.03521608911212122
210062_s_at,-0.2859694960972167,0.21553731787297428,-0.03521608911212122,-0.03521608911212122
212949_at,0.035336377854236455,-0.10509902044226221,-0.034881321294012876,-0.034881321294012876
212949_at,0.035336377854236455,-0.10509902044226221,-0.034881321294012876,-0.034881321294012876
207790_at,-0.07002356508897561,0.0003922044419652612,-0.034815680323505176,-0.034815680323505176
207790_at,-0.07002356508897561,0.0003922044419652612,-0.034815680323505176,-0.034815680323505176
213179_at,-0.2915873276501818,0.22246544480807748,-0.03456094142105216,-0.03456094142105216
213179_at,-0.2915873276501818,0.22246544480807748,-0.03456094142105216,-0.03456094142105216
201759_at,-0.0913539707674707,0.023484864588208688,-0.03393455308963101,-0.03393455308963101
201759_at,-0.0913539707674707,0.023484864588208688,-0.03393455308963101,-0.03393455308963101
45633_at,0.0320478722453972,-0.09969441539470122,-0.03382327157465201,-0.03382327157465201
45633_at,0.0320478722453972,-0.09969441539470122,-0.03382327157465201,-0.03382327157465201
1557756_a_at,-0.06723495731692998,0.001343766078506496,-0.032945595619211746,-0.032945595619211746
1557756_a_at,-0.06723495731692998,0.001343766078506496,-0.032945595619211746,-0.032945595619211746
1557022_at,-0.1685330734465686,0.10314473497680986,-0.03269416923487937,-0.03269416923487937
1557022_at,-0.1685330734465686,0.10314473497680986,-0.03269416923487937,-0.03269416923487937
244838_at,-0.14161789409419442,0.07715978749382647,-0.032229053300183975,-0.032229053300183975
244838_at,-0.14161789409419442,0.07715978749382647,-0.032229053300183975,-0.032229053300183975
208879_x_at,-0.35945651439201076,0.2954212536500144,-0.03201763037099817,-0.03201763037099817
208879_x_at,-0.35945651439201076,0.2954212536500144,-0.03201763037099817,-0.03201763037099817
208370_s_at,-0.013214427064393245,-0.05061696454575012,-0.031915695805071684,-0.031915695805071684
208370_s_at,-0.013214427064393245,-0.05061696454575012,-0.031915695805071684,-0.031915695805071684
226326_at,-0.23129158820402498,0.16869417921223442,-0.03129870449589528,-0.03129870449589528
226326_at,-0.23129158820402498,0.16869417921223442,-0.03129870449589528,-0.03129870449589528
203238_s_at,0.010705750362080475,-0.07281993042981606,-0.031057090033867793,-0.031057090033867793
203238_s_at,0.010705750362080475,-0.07281993042981606,-0.031057090033867793,-0.031057090033867793
220658_s_at,-0.01767618104094359,-0.04364725041476527,-0.03066171572785443,-0.03066171572785443
220658_s_at,-0.01767618104094359,-0.04364725041476527,-0.03066171572785443,-0.03066171572785443
207814_at,-0.03547777963631266,-0.025067572219676672,-0.030272675927994666,-0.030272675927994666
207814_at,-0.03547777963631266,-0.025067572219676672,-0.030272675927994666,-0.030272675927994666
228069_at,-0.061075300092940175,0.0028415234877321015,-0.029116888302604036,-0.029116888302604036
228069_at,-0.061075300092940175,0.0028415234877321015,-0.029116888302604036,-0.029116888302604036
223576_at,-0.17034086916247257,0.11260582172840024,-0.028867523717036166,-0.028867523717036166
223576_at,-0.17034086916247257,0.11260582172840024,-0.028867523717036166,-0.028867523717036166
208448_x_at,-0.0859793549863998,0.029932952443219724,-0.02802320127159004,-0.02802320127159004
208448_x_at,-0.0859793549863998,0.029932952443219724,-0.02802320127159004,-0.02802320127159004
207828_s_at,0.10380162018709843,-0.15818545845352017,-0.027191919133210868,-0.027191919133210868
207828_s_at,0.10380162018709843,-0.15818545845352017,-0.027191919133210868,-0.027191919133210868
201514_s_at,-0.1165013983457081,0.06284853778545851,-0.02682643028012479,-0.02682643028012479
201514_s_at,-0.1165013983457081,0.06284853778545851,-0.02682643028012479,-0.02682643028012479
212771_at,-0.009216273168172145,-0.041897005510921376,-0.02555663933954676,-0.02555663933954676
212771_at,-0.009216273168172145,-0.041897005510921376,-0.02555663933954676,-0.02555663933954676
216939_s_at,-0.0025814802797113675,-0.04820199223732221,-0.02539173625851679,-0.02539173625851679
216939_s_at,-0.0025814802797113675,-0.04820199223732221,-0.02539173625851679,-0.02539173625851679
200814_at,-0.27678102017283357,0.22697719971883853,-0.024901910226997517,-0.024901910226997517
200814_at,-0.27678102017283357,0.22697719971883853,-0.024901910226997517,-0.024901910226997517
201970_s_at,-0.15307313437554113,0.10390391407707446,-0.024584610149233334,-0.024584610149233334
201970_s_at,-0.15307313437554113,0.10390391407707446,-0.024584610149233334,-0.024584610149233334
1570252_at,-0.04819391812648377,0.0013066766190523976,-0.023443620753715685,-0.023443620753715685
1570252_at,-0.04819391812648377,0.0013066766190523976,-0.023443620753715685,-0.023443620753715685
1562295_at,-0.19166017663585008,0.14536837446807366,-0.023145901083888212,-0.023145901083888212
1562295_at,-0.19166017663585008,0.14536837446807366,-0.023145901083888212,-0.023145901083888212
202911_at,-0.0673544783412066,0.02147858851437427,-0.022937944913416164,-0.022937944913416164
202911_at,-0.0673544783412066,0.02147858851437427,-0.022937944913416164,-0.022937944913416164
204969_s_at,0.0231685418432574,-0.06892253598364284,-0.022876997070192723,-0.022876997070192723
204969_s_at,0.0231685418432574,-0.06892253598364284,-0.022876997070192723,-0.022876997070192723
208836_at,-0.4485401376926343,0.40291572328075687,-0.02281220720593871,-0.02281220720593871
208836_at,-0.4485401376926343,0.40291572328075687,-0.02281220720593871,-0.02281220720593871
236734_at,-0.014754582782274976,-0.02958569938396005,-0.022170141083117514,-0.022170141083117514
236734_at,-0.014754582782274976,-0.02958569938396005,-0.022170141083117514,-0.022170141083117514
202251_at,-0.1769002400831173,0.13356553047606234,-0.02166735480352748,-0.02166735480352748
202251_at,-0.1769002400831173,0.13356553047606234,-0.02166735480352748,-0.02166735480352748
229697_at,0.09924888220846895,-0.1422127671862805,-0.02148194248890578,-0.02148194248890578
229697_at,0.09924888220846895,-0.1422127671862805,-0.02148194248890578,-0.02148194248890578
230165_at,0.07172603835351213,-0.11408780762437902,-0.021180884635433446,-0.021180884635433446
230165_at,0.07172603835351213,-0.11408780762437902,-0.021180884635433446,-0.021180884635433446
1562836_at,-0.009364637746551633,-0.03194783224479988,-0.020656234995675756,-0.020656234995675756
1562836_at,-0.009364637746551633,-0.03194783224479988,-0.020656234995675756,-0.020656234995675756
204767_s_at,0.03930001717604656,-0.08046100589026528,-0.02058049435710936,-0.02058049435710936
204767_s_at,0.03930001717604656,-0.08046100589026528,-0.02058049435710936,-0.02058049435710936
201659_s_at,-0.38793633650199955,0.34685978275081053,-0.020538276875594508,-0.020538276875594508
201659_s_at,-0.38793633650199955,0.34685978275081053,-0.020538276875594508,-0.020538276875594508
221520_s_at,0.09741447562293364,-0.13715294157656108,-0.01986923297681372,-0.01986923297681372
221520_s_at,0.09741447562293364,-0.13715294157656108,-0.01986923297681372,-0.01986923297681372
236957_at,0.07147488569417894,-0.11011828462270616,-0.01932169946426361,-0.01932169946426361
236957_at,0.07147488569417894,-0.11011828462270616,-0.01932169946426361,-0.01932169946426361
1554994_at,-0.17447909763640576,0.13773655765034332,-0.018371269993031222,-0.018371269993031222
1554994_at,-0.17447909763640576,0.13773655765034332,-0.018371269993031222,-0.018371269993031222
215856_at,-0.20624493252395354,0.16985758594381078,-0.018193673290071377,-0.018193673290071377
215856_at,-0.20624493252395354,0.16985758594381078,-0.018193673290071377,-0.018193673290071377
212021_s_at,0.15489476488393175,-0.18996261410881052,-0.017533924612439383,-0.017533924612439383
212021_s_at,0.15489476488393175,-0.18996261410881052,-0.017533924612439383,-0.017533924612439383
201896_s_at,0.24430676038356197,-0.2790531626882189,-0.01737320115232846,-0.01737320115232846
201896_s_at,0.24430676038356197,-0.2790531626882189,-0.01737320115232846,-0.01737320115232846
209054_s_at,-0.02333303886805902,-0.010240901940279202,-0.016786970404169113,-0.016786970404169113
209054_s_at,-0.02333303886805902,-0.010240901940279202,-0.016786970404169113,-0.016786970404169113
221524_s_at,-0.1361649396512763,0.11015515952935347,-0.013004890060961415,-0.013004890060961415
221524_s_at,-0.1361649396512763,0.11015515952935347,-0.013004890060961415,-0.013004890060961415
223506_at,-0.30454301249415405,0.279052508727447,-0.012745251883353514,-0.012745251883353514
223506_at,-0.30454301249415405,0.279052508727447,-0.012745251883353514,-0.012745251883353514
207181_s_at,-0.1939150168135069,0.1686564738146077,-0.012629271499449604,-0.012629271499449604
207181_s_at,-0.1939150168135069,0.1686564738146077,-0.012629271499449604,-0.012629271499449604
1554572_a_at,-0.026325751018099502,0.00226118881638407,-0.012032281100857717,-0.012032281100857717
1554572_a_at,-0.026325751018099502,0.00226118881638407,-0.012032281100857717,-0.012032281100857717
235310_at,0.08080546430624092,-0.10465288022611773,-0.011923707959938405,-0.011923707959938405
235310_at,0.08080546430624092,-0.10465288022611773,-0.011923707959938405,-0.011923707959938405
209642_at,0.03851874555538805,-0.06114808835959608,-0.011314671402104015,-0.011314671402104015
209642_at,0.03851874555538805,-0.06114808835959608,-0.011314671402104015,-0.011314671402104015
217266_at,-0.39055501886404026,0.3691303622297699,-0.010712328317135172,-0.010712328317135172
217266_at,-0.39055501886404026,0.3691303622297699,-0.010712328317135172,-0.010712328317135172
225362_at,-0.37127520416136506,0.350074709435572,-0.010600247362896525,-0.010600247362896525
225362_at,-0.37127520416136506,0.350074709435572,-0.010600247362896525,-0.010600247362896525
205789_at,0.0673913724946837,-0.08754534855509262,-0.010076988030204459,-0.010076988030204459
205789_at,0.0673913724946837,-0.08754534855509262,-0.010076988030204459,-0.010076988030204459
222445_at,-0.1727286384730517,0.15651357042195668,-0.008107534025547508,-0.008107534025547508
222445_at,-0.1727286384730517,0.15651357042195668,-0.008107534025547508,-0.008107534025547508
213273_at,-0.19830854063015432,0.18245315132460752,-0.007927694652773404,-0.007927694652773404
213273_at,-0.19830854063015432,0.18245315132460752,-0.007927694652773404,-0.007927694652773404
219738_s_at,-0.003346128488001555,-0.012241734358942605,-0.00779393142347208,-0.00779393142347208
219738_s_at,-0.003346128488001555,-0.012241734358942605,-0.00779393142347208,-0.00779393142347208
225036_at,-0.23599544082542653,0.22479496867787938,-0.005600236073773579,-0.005600236073773579
225036_at,-0.23599544082542653,0.22479496867787938,-0.005600236073773579,-0.005600236073773579
202589_at,-0.22412447398325364,0.21407737089139173,-0.005023551545930954,-0.005023551545930954
202589_at,-0.22412447398325364,0.21407737089139173,-0.005023551545930954,-0.005023551545930954
209924_at,-0.07275041764354973,0.06301138400634611,-0.004869516818601809,-0.004869516818601809
209924_at,-0.07275041764354973,0.06301138400634611,-0.004869516818601809,-0.004869516818601809
200750_s_at,0.08665294164302927,-0.096127603899519,-0.0047373311282448705,-0.0047373311282448705
200750_s_at,0.08665294164302927,-0.096127603899519,-0.0047373311282448705,-0.0047373311282448705
243070_at,-0.18938474415275844,0.1805583798934331,-0.004413182129662671,-0.004413182129662671
243070_at,-0.18938474415275844,0.1805583798934331,-0.004413182129662671,-0.004413182129662671
1559696_at,-0.15072591396015592,0.14204017556669662,-0.004342869196729646,-0.004342869196729646
1559696_at,-0.15072591396015592,0.14204017556669662,-0.004342869196729646,-0.004342869196729646
219695_at,0.06288608027462077,-0.07058124788693677,-0.003847583806158003,-0.003847583806158003
219695_at,0.06288608027462077,-0.07058124788693677,-0.003847583806158003,-0.003847583806158003
212830_at,-0.07296397729724181,0.06668840079512561,-0.0031377882510581004,-0.0031377882510581004
212830_at,-0.07296397729724181,0.06668840079512561,-0.0031377882510581004,-0.0031377882510581004
224762_at,-0.016942733000632378,0.013414594524913013,-0.0017640692378596825,-0.0017640692378596825
224762_at,-0.016942733000632378,0.013414594524913013,-0.0017640692378596825,-0.0017640692378596825
1565928_at,-0.3238788143448461,0.32085358064256836,-0.001512616851138876,-0.001512616851138876
1565928_at,-0.3238788143448461,0.32085358064256836,-0.001512616851138876,-0.001512616851138876
1568813_at,0.11788627425210657,-0.12076459796189974,-0.0014391618548965854,-0.0014391618548965854
1568813_at,0.11788627425210657,-0.12076459796189974,-0.0014391618548965854,-0.0014391618548965854
224912_at,-0.2311304854752479,0.22862155608583196,-0.0012544646947079685,-0.0012544646947079685
224912_at,-0.2311304854752479,0.22862155608583196,-0.0012544646947079685,-0.0012544646947079685
212022_s_at,0.15678925278482886,-0.15725332483159693,-0.00023203602338403573,-0.00023203602338403573
212022_s_at,0.15678925278482886,-0.15725332483159693,-0.00023203602338403573,-0.00023203602338403573
235266_at,-0.04992935763685615,0.05402811915682872,0.0020493807599862857,0.0020493807599862857
235266_at,-0.04992935763685615,0.05402811915682872,0.0020493807599862857,0.0020493807599862857
221227_x_at,-0.10637940660829559,0.11194508034633538,0.0027828368690198946,0.0027828368690198946
221227_x_at,-0.10637940660829559,0.11194508034633538,0.0027828368690198946,0.0027828368690198946
1557242_at,0.024452566429196562,-0.017934289300269655,0.0032591385644634534,0.0032591385644634534
1557242_at,0.024452566429196562,-0.017934289300269655,0.0032591385644634534,0.0032591385644634534
218392_x_at,-0.16556618868118225,0.1730818013683979,0.003757806343607825,0.003757806343607825
218392_x_at,-0.16556618868118225,0.1730818013683979,0.003757806343607825,0.003757806343607825
209680_s_at,0.06523279851961772,-0.05605797288983683,0.004587412814890446,0.004587412814890446
209680_s_at,0.06523279851961772,-0.05605797288983683,0.004587412814890446,0.004587412814890446
238919_at,0.11682304625975369,-0.10622804443691233,0.005297500911420679,0.005297500911420679
238919_at,0.11682304625975369,-0.10622804443691233,0.005297500911420679,0.005297500911420679
203435_s_at,-0.09634375437551879,0.1069973224210478,0.005326784022764507,0.005326784022764507
203435_s_at,-0.09634375437551879,0.1069973224210478,0.005326784022764507,0.005326784022764507
214431_at,-0.06903401396604918,0.0799343642134471,0.005450175123698962,0.005450175123698962
214431_at,-0.06903401396604918,0.0799343642134471,0.005450175123698962,0.005450175123698962
218014_at,-0.15304016927754874,0.16739025112625258,0.007175040924351922,0.007175040924351922
218014_at,-0.15304016927754874,0.16739025112625258,0.007175040924351922,0.007175040924351922
208368_s_at,0.055571960365653345,-0.04063030571094655,0.007470827327353397,0.007470827327353397
208368_s_at,0.055571960365653345,-0.04063030571094655,0.007470827327353397,0.007470827327353397
200000_s_at,-0.12346667450032242,0.1394994018776416,0.008016363688659586,0.008016363688659586
200000_s_at,-0.12346667450032242,0.1394994018776416,0.008016363688659586,0.008016363688659586
225297_at,-0.2247041139333149,0.2426344671092552,0.00896517658797015,0.00896517658797015
225297_at,-0.2247041139333149,0.2426344671092552,0.00896517658797015,0.00896517658797015
205394_at,-0.06888549625554859,0.08689894024380905,0.009006721994130232,0.009006721994130232
205394_at,-0.06888549625554859,0.08689894024380905,0.009006721994130232,0.009006721994130232
204216_s_at,0.06670308841496622,-0.04836431373979764,0.009169387337584291,0.009169387337584291
204216_s_at,0.06670308841496622,-0.04836431373979764,0.009169387337584291,0.009169387337584291
48612_at,-0.02830755185802833,0.04864264132928105,0.010167544735626359,0.010167544735626359
48612_at,-0.02830755185802833,0.04864264132928105,0.010167544735626359,0.010167544735626359
1561497_at,-0.01905709657885139,0.041333559457849375,0.011138231439498993,0.011138231439498993
1561497_at,-0.01905709657885139,0.041333559457849375,0.011138231439498993,0.011138231439498993
208986_at,-0.18486294237578949,0.20827611132967752,0.011706584476944018,0.011706584476944018
208986_at,-0.18486294237578949,0.20827611132967752,0.011706584476944018,0.011706584476944018
224924_at,-0.2711106719426743,0.296035987017735,0.012462657537530342,0.012462657537530342
224924_at,-0.2711106719426743,0.296035987017735,0.012462657537530342,0.012462657537530342
214093_s_at,-0.32915904549169933,0.3556387415788347,0.013239848043567676,0.013239848043567676
214093_s_at,-0.32915904549169933,0.3556387415788347,0.013239848043567676,0.013239848043567676
201762_s_at,-0.14743969286184477,0.17969497963676725,0.01612764338746124,0.01612764338746124
201762_s_at,-0.14743969286184477,0.17969497963676725,0.01612764338746124,0.01612764338746124
220199_s_at,-0.24670162311466914,0.28052713558195147,0.016912756233641163,0.016912756233641163
220199_s_at,-0.24670162311466914,0.28052713558195147,0.016912756233641163,0.016912756233641163
202520_s_at,-0.10244189489549237,0.13629633218790296,0.0169272186462053,0.0169272186462053
202520_s_at,-0.10244189489549237,0.13629633218790296,0.0169272186462053,0.0169272186462053
218049_s_at,-0.23074029326891132,0.265664905050242,0.01746230589066533,0.01746230589066533
218049_s_at,-0.23074029326891132,0.265664905050242,0.01746230589066533,0.01746230589066533
239930_at,-0.2841209824896756,0.3209069957756217,0.018393006642973053,0.018393006642973053
239930_at,-0.2841209824896756,0.3209069957756217,0.018393006642973053,0.018393006642973053
205905_s_at,-0.22172216307310044,0.2593074848466556,0.018792660886777585,0.018792660886777585
205905_s_at,-0.22172216307310044,0.2593074848466556,0.018792660886777585,0.018792660886777585
1562416_at,0.12087336374573489,-0.07916562446685199,0.02085386963944145,0.02085386963944145
1562416_at,0.12087336374573489,-0.07916562446685199,0.02085386963944145,0.02085386963944145
235674_at,0.03110349388794627,0.01252996894643405,0.02181673141719016,0.02181673141719016
235674_at,0.03110349388794627,0.01252996894643405,0.02181673141719016,0.02181673141719016
219502_at,0.06606938133854072,-0.02205563791580368,0.02200687171136852,0.02200687171136852
219502_at,0.06606938133854072,-0.02205563791580368,0.02200687171136852,0.02200687171136852
200627_at,-0.2847796874444104,0.33021003292697704,0.022715172741283318,0.022715172741283318
200627_at,-0.2847796874444104,0.33021003292697704,0.022715172741283318,0.022715172741283318
218308_at,-0.07453093363128131,0.12037990207705276,0.022924484222885726,0.022924484222885726
218308_at,-0.07453093363128131,0.12037990207705276,0.022924484222885726,0.022924484222885726
224934_at,-0.401773661810503,0.44804078515014156,0.02313356166981928,0.02313356166981928
224934_at,-0.401773661810503,0.44804078515014156,0.02313356166981928,0.02313356166981928
210028_s_at,-0.018279251818222236,0.06776525318498065,0.02474300068337921,0.02474300068337921
210028_s_at,-0.018279251818222236,0.06776525318498065,0.02474300068337921,0.02474300068337921
241791_at,-0.0009187725753056108,0.05084061890544734,0.024960923165070863,0.024960923165070863
241791_at,-0.0009187725753056108,0.05084061890544734,0.024960923165070863,0.024960923165070863
223274_at,0.19097935922143414,-0.13859429987595742,0.026192529672738357,0.026192529672738357
223274_at,0.19097935922143414,-0.13859429987595742,0.026192529672738357,0.026192529672738357
217768_at,-0.24270326946419785,0.2990813859786897,0.028189058257245936,0.028189058257245936
217768_at,-0.24270326946419785,0.2990813859786897,0.028189058257245936,0.028189058257245936
216179_x_at,-0.0398027802135753,0.09694375984055337,0.028570489813489034,0.028570489813489034
216179_x_at,-0.0398027802135753,0.09694375984055337,0.028570489813489034,0.028570489813489034
1563802_at,0.08455428424384456,-0.026856326082655563,0.0288489790805945,0.0288489790805945
1563802_at,0.08455428424384456,-0.026856326082655563,0.0288489790805945,0.0288489790805945
1558828_s_at,-0.09343150567381887,0.15123266633398438,0.028900580330082755,0.028900580330082755
1558828_s_at,-0.09343150567381887,0.15123266633398438,0.028900580330082755,0.028900580330082755
228355_s_at,-0.08598575448761517,0.14604320261193707,0.03002872406216095,0.03002872406216095
228355_s_at,-0.08598575448761517,0.14604320261193707,0.03002872406216095,0.03002872406216095
1553120_at,0.02165479202245961,0.04095122678179501,0.03130300940212731,0.03130300940212731
1553120_at,0.02165479202245961,0.04095122678179501,0.03130300940212731,0.03130300940212731
1554365_a_at,-0.1019710046439949,0.16673215650521003,0.032380575930607565,0.032380575930607565
1554365_a_at,-0.1019710046439949,0.16673215650521003,0.032380575930607565,0.032380575930607565
1555004_a_at,0.18497418291021903,-0.11969786464155746,0.03263815913433078,0.03263815913433078
1555004_a_at,0.18497418291021903,-0.11969786464155746,0.03263815913433078,0.03263815913433078
207216_at,0.05391281417022631,0.013160995146804605,0.03353690465851546,0.03353690465851546
207216_at,0.05391281417022631,0.013160995146804605,0.03353690465851546,0.03353690465851546
204942_s_at,0.1766196874284881,-0.10937284066413856,0.03362342338217477,0.03362342338217477
204942_s_at,0.1766196874284881,-0.10937284066413856,0.03362342338217477,0.03362342338217477
235609_at,0.21602590375824846,-0.14792235061246112,0.03405177657289367,0.03405177657289367
235609_at,0.21602590375824846,-0.14792235061246112,0.03405177657289367,0.03405177657289367
209366_x_at,-0.05098476472262739,0.11972055703141002,0.034367896154391314,0.034367896154391314
209366_x_at,-0.05098476472262739,0.11972055703141002,0.034367896154391314,0.034367896154391314
203794_at,-0.014931007591133857,0.08427048037291547,0.034669736390890805,0.034669736390890805
203794_at,-0.014931007591133857,0.08427048037291547,0.034669736390890805,0.034669736390890805
205830_at,-0.02501174581568712,0.09461883138078013,0.03480354278254651,0.03480354278254651
205830_at,-0.02501174581568712,0.09461883138078013,0.03480354278254651,0.03480354278254651
225623_at,-0.028341942531392522,0.09810835264098082,0.03488320505479415,0.03488320505479415
225623_at,-0.028341942531392522,0.09810835264098082,0.03488320505479415,0.03488320505479415
204147_s_at,0.10109027391229276,-0.028625360774474463,0.03623245656890915,0.03623245656890915
204147_s_at,0.10109027391229276,-0.028625360774474463,0.03623245656890915,0.03623245656890915
208511_at,0.09984609542428453,-0.027265391338931095,0.03629035204267672,0.03629035204267672
208511_at,0.09984609542428453,-0.027265391338931095,0.03629035204267672,0.03629035204267672
213231_at,-0.09855505191601081,0.17270436393255068,0.03707465600826993,0.03707465600826993
213231_at,-0.09855505191601081,0.17270436393255068,0.03707465600826993,0.03707465600826993
222680_s_at,-0.0033834579522801066,0.07873964177775705,0.03767809191273847,0.03767809191273847
222680_s_at,-0.0033834579522801066,0.07873964177775705,0.03767809191273847,0.03767809191273847
1562852_at,0.010460365400405973,0.06517151805034618,0.03781594172537608,0.03781594172537608
1562852_at,0.010460365400405973,0.06517151805034618,0.03781594172537608,0.03781594172537608
240338_at,0.031301861127249746,0.04508054167514381,0.03819120140119678,0.03819120140119678
240338_at,0.031301861127249746,0.04508054167514381,0.03819120140119678,0.03819120140119678
226880_at,0.07911522412631858,-0.0024886475551657863,0.0383132882855764,0.0383132882855764
226880_at,0.07911522412631858,-0.0024886475551657863,0.0383132882855764,0.0383132882855764
206497_at,0.10274152782438853,-0.02445352459132747,0.03914400161653053,0.03914400161653053
206497_at,0.10274152782438853,-0.02445352459132747,0.03914400161653053,0.03914400161653053
203554_x_at,-0.03966835205961671,0.1179785622191521,0.03915510507976769,0.03915510507976769
203554_x_at,-0.03966835205961671,0.1179785622191521,0.03915510507976769,0.03915510507976769
238431_at,-0.2084844818002534,0.2869256892633956,0.039220603731571116,0.039220603731571116
238431_at,-0.2084844818002534,0.2869256892633956,0.039220603731571116,0.039220603731571116
205956_x_at,-0.13030280438532738,0.20946086462976357,0.0395790301222181,0.0395790301222181
205956_x_at,-0.13030280438532738,0.20946086462976357,0.0395790301222181,0.0395790301222181
235158_at,-0.1803780789232591,0.26150150480219075,0.040561712939465824,0.040561712939465824
235158_at,-0.1803780789232591,0.26150150480219075,0.040561712939465824,0.040561712939465824
241074_at,-0.014458208057646442,0.09623084604493472,0.04088631899364414,0.04088631899364414
241074_at,-0.014458208057646442,0.09623084604493472,0.04088631899364414,0.04088631899364414
240037_at,0.03864562096156901,0.04370469543544292,0.041175158198505965,0.041175158198505965
240037_at,0.03864562096156901,0.04370469543544292,0.041175158198505965,0.041175158198505965
208672_s_at,-0.39991742915266987,0.4823621688872302,0.04122236986728017,0.04122236986728017
208672_s_at,-0.39991742915266987,0.4823621688872302,0.04122236986728017,0.04122236986728017
202026_at,-0.28672365771812525,0.36937622714409485,0.0413262847129848,0.0413262847129848
202026_at,-0.28672365771812525,0.36937622714409485,0.0413262847129848,0.0413262847129848
234863_x_at,0.10343669146954038,-0.020771600906031085,0.041332545281754646,0.041332545281754646
234863_x_at,0.10343669146954038,-0.020771600906031085,0.041332545281754646,0.041332545281754646
235506_at,0.22996048171575617,-0.14640955413821508,0.04177546378877055,0.04177546378877055
235506_at,0.22996048171575617,-0.14640955413821508,0.04177546378877055,0.04177546378877055
221606_s_at,0.12759664171423826,-0.04352118157992709,0.04203773006715558,0.04203773006715558
221606_s_at,0.12759664171423826,-0.04352118157992709,0.04203773006715558,0.04203773006715558
202240_at,0.03442193161024725,0.04973611928979546,0.04207902545002136,0.04207902545002136
202240_at,0.03442193161024725,0.04973611928979546,0.04207902545002136,0.04207902545002136
215726_s_at,-0.09534665627938053,0.1812342791832037,0.04294381145191158,0.04294381145191158
215726_s_at,-0.09534665627938053,0.1812342791832037,0.04294381145191158,0.04294381145191158
224217_s_at,-0.1422098114561336,0.2284208177834432,0.0431055031636548,0.0431055031636548
224217_s_at,-0.1422098114561336,0.2284208177834432,0.0431055031636548,0.0431055031636548
209610_s_at,-0.132174776814481,0.22131078739761942,0.04456800529156921,0.04456800529156921
209610_s_at,-0.132174776814481,0.22131078739761942,0.04456800529156921,0.04456800529156921
235597_s_at,0.27509587036857647,-0.18566300592014276,0.044716432224216854,0.044716432224216854
235597_s_at,0.27509587036857647,-0.18566300592014276,0.044716432224216854,0.044716432224216854
214557_at,0.04693526633931721,0.04385284224994552,0.045394054294631364,0.045394054294631364
214557_at,0.04693526633931721,0.04385284224994552,0.045394054294631364,0.045394054294631364
209669_s_at,0.039197069709572006,0.05285701415526276,0.046027041932417384,0.046027041932417384
209669_s_at,0.039197069709572006,0.05285701415526276,0.046027041932417384,0.046027041932417384
210094_s_at,-0.008580366200316157,0.10196692971403647,0.046693281756860154,0.046693281756860154
210094_s_at,-0.008580366200316157,0.10196692971403647,0.046693281756860154,0.046693281756860154
204681_s_at,0.19820325550894694,-0.10381842117731713,0.047192417165814904,0.047192417165814904
204681_s_at,0.19820325550894694,-0.10381842117731713,0.047192417165814904,0.047192417165814904
222931_s_at,0.142415576319998,-0.04635439541462618,0.0480305904526859,0.0480305904526859
222931_s_at,0.142415576319998,-0.04635439541462618,0.0480305904526859,0.0480305904526859
229181_s_at,-0.17404394273584833,0.2733336459281381,0.04964485159614487,0.04964485159614487
229181_s_at,-0.17404394273584833,0.2733336459281381,0.04964485159614487,0.04964485159614487
241859_at,0.18482943801400642,-0.08485329437721637,0.04998807181839503,0.04998807181839503
241859_at,0.18482943801400642,-0.08485329437721637,0.04998807181839503,0.04998807181839503
239294_at,-0.1586297420768358,0.2587429043012507,0.05005658111220744,0.05005658111220744
239294_at,-0.1586297420768358,0.2587429043012507,0.05005658111220744,0.05005658111220744
1557878_at,-0.22892492382496074,0.32976856791646253,0.050421822045750894,0.050421822045750894
1557878_at,-0.22892492382496074,0.32976856791646253,0.050421822045750894,0.050421822045750894
212646_at,-0.18416905957015087,0.2850158231918423,0.05042338181084573,0.05042338181084573
212646_at,-0.18416905957015087,0.2850158231918423,0.05042338181084573,0.05042338181084573
236976_at,0.15064228891501627,-0.04860865246554396,0.05101681822473615,0.05101681822473615
236976_at,0.15064228891501627,-0.04860865246554396,0.05101681822473615,0.05101681822473615
225707_at,-0.06700816750531928,0.1695014873285989,0.05124665991163981,0.05124665991163981
225707_at,-0.06700816750531928,0.1695014873285989,0.05124665991163981,0.05124665991163981
201955_at,-0.38213400229913314,0.48567079113915057,0.05176839442000872,0.05176839442000872
201955_at,-0.38213400229913314,0.48567079113915057,0.05176839442000872,0.05176839442000872
241864_x_at,0.027555049259459154,0.07753643273915166,0.05254574099930541,0.05254574099930541
241864_x_at,0.027555049259459154,0.07753643273915166,0.05254574099930541,0.05254574099930541
209773_s_at,0.14858488154434152,-0.043072015072972814,0.05275643323568435,0.05275643323568435
209773_s_at,0.14858488154434152,-0.043072015072972814,0.05275643323568435,0.05275643323568435
239873_at,-0.16343431775305306,0.2693043543691853,0.05293501830806613,0.05293501830806613
239873_at,-0.16343431775305306,0.2693043543691853,0.05293501830806613,0.05293501830806613
226123_at,0.18104478411768987,-0.0726537793214825,0.05419550239810369,0.05419550239810369
226123_at,0.18104478411768987,-0.0726537793214825,0.05419550239810369,0.05419550239810369
222781_s_at,0.17963115782135433,-0.0703889384774014,0.05462110967197647,0.05462110967197647
222781_s_at,0.17963115782135433,-0.0703889384774014,0.05462110967197647,0.05462110967197647
208808_s_at,-0.25790355327486547,0.36828216159546834,0.05518930416030143,0.05518930416030143
208808_s_at,-0.25790355327486547,0.36828216159546834,0.05518930416030143,0.05518930416030143
215253_s_at,0.1732915840702461,-0.06241284730943307,0.05543936838040652,0.05543936838040652
215253_s_at,0.1732915840702461,-0.06241284730943307,0.05543936838040652,0.05543936838040652
1558785_a_at,-0.0018391501138947356,0.11390697735503795,0.056033913620571606,0.056033913620571606
1558785_a_at,-0.0018391501138947356,0.11390697735503795,0.056033913620571606,0.056033913620571606
221280_s_at,-0.0376021486463834,0.15421293979615538,0.058305395574885996,0.058305395574885996
221280_s_at,-0.0376021486463834,0.15421293979615538,0.058305395574885996,0.058305395574885996
218663_at,0.26448529098701534,-0.14588979625892934,0.059297747364043,0.059297747364043
218663_at,0.26448529098701534,-0.14588979625892934,0.059297747364043,0.059297747364043
203997_at,0.2297438585787164,-0.1085146270506333,0.06061461576404155,0.06061461576404155
203997_at,0.2297438585787164,-0.1085146270506333,0.06061461576404155,0.06061461576404155
213136_at,-0.37962005047986463,0.5018414317205423,0.06111069062033883,0.06111069062033883
213136_at,-0.37962005047986463,0.5018414317205423,0.06111069062033883,0.06111069062033883
224460_s_at,0.0011368156365023983,0.12293799033888153,0.06203740298769196,0.06203740298769196
224460_s_at,0.0011368156365023983,0.12293799033888153,0.06203740298769196,0.06203740298769196
233678_at,-0.09034305920278596,0.21453190062460784,0.06209442071091094,0.06209442071091094
233678_at,-0.09034305920278596,0.21453190062460784,0.06209442071091094,0.06209442071091094
207539_s_at,0.24891858980928283,-0.12299843646486855,0.06296007667220714,0.06296007667220714
207539_s_at,0.24891858980928283,-0.12299843646486855,0.06296007667220714,0.06296007667220714
219041_s_at,-0.08482317478739239,0.211692620174707,0.0634347226936573,0.0634347226936573
219041_s_at,-0.08482317478739239,0.211692620174707,0.0634347226936573,0.0634347226936573
204128_s_at,0.09573965544704494,0.03519062383459919,0.06546513964082207,0.06546513964082207
204128_s_at,0.09573965544704494,0.03519062383459919,0.06546513964082207,0.06546513964082207
206205_at,-0.16948449348937122,0.3013944349779065,0.06595497074426765,0.06595497074426765
206205_at,-0.16948449348937122,0.3013944349779065,0.06595497074426765,0.06595497074426765
1560817_at,-0.025804958768390684,0.15815600952477069,0.06617552537819,0.06617552537819
1560817_at,-0.025804958768390684,0.15815600952477069,0.06617552537819,0.06617552537819
207843_x_at,-0.08990363117618345,0.22303081719803747,0.06656359301092701,0.06656359301092701
207843_x_at,-0.08990363117618345,0.22303081719803747,0.06656359301092701,0.06656359301092701
235474_at,0.07356611858257953,0.06171300918869158,0.06763956388563555,0.06763956388563555
235474_at,0.07356611858257953,0.06171300918869158,0.06763956388563555,0.06763956388563555
239002_at,0.2288239502250201,-0.09262131144186134,0.06810131939157939,0.06810131939157939
239002_at,0.2288239502250201,-0.09262131144186134,0.06810131939157939,0.06810131939157939
208916_at,-0.018006151888065827,0.15505471046975147,0.06852427929084282,0.06852427929084282
208916_at,-0.018006151888065827,0.15505471046975147,0.06852427929084282,0.06852427929084282
201376_s_at,-0.05828216881598804,0.1961438728322426,0.06893085200812728,0.06893085200812728
201376_s_at,-0.05828216881598804,0.1961438728322426,0.06893085200812728,0.06893085200812728
213701_at,0.06028655745832645,0.07844973165527593,0.06936814455680118,0.06936814455680118
213701_at,0.06028655745832645,0.07844973165527593,0.06936814455680118,0.06936814455680118
225904_at,-0.1606969297213723,0.299726447402485,0.06951475884055634,0.06951475884055634
225904_at,-0.1606969297213723,0.299726447402485,0.06951475884055634,0.06951475884055634
201770_at,-0.15304598688976034,0.2924577652957192,0.06970588920297943,0.06970588920297943
201770_at,-0.15304598688976034,0.2924577652957192,0.06970588920297943,0.06970588920297943
204126_s_at,0.0480438696075491,0.0955907862795944,0.07181732794357175,0.07181732794357175
204126_s_at,0.0480438696075491,0.0955907862795944,0.07181732794357175,0.07181732794357175
223414_s_at,-0.008874525456438251,0.152810523314176,0.07196799892886888,0.07196799892886888
223414_s_at,-0.008874525456438251,0.152810523314176,0.07196799892886888,0.07196799892886888
211587_x_at,0.15424057205533706,-0.00834864253791535,0.07294596475871086,0.07294596475871086
211587_x_at,0.15424057205533706,-0.00834864253791535,0.07294596475871086,0.07294596475871086
218755_at,0.19089308642945474,-0.04400432316679463,0.07344438163133005,0.07344438163133005
218755_at,0.19089308642945474,-0.04400432316679463,0.07344438163133005,0.07344438163133005
218597_s_at,0.19452225175015198,-0.0467704399104178,0.07387590591986709,0.07387590591986709
218597_s_at,0.19452225175015198,-0.0467704399104178,0.07387590591986709,0.07387590591986709
235596_at,0.03857959788570709,0.10983222852568511,0.0742059132056961,0.0742059132056961
235596_at,0.03857959788570709,0.10983222852568511,0.0742059132056961,0.0742059132056961
240947_at,-0.06198315219907554,0.21169822058004792,0.07485753419048619,0.07485753419048619
240947_at,-0.06198315219907554,0.21169822058004792,0.07485753419048619,0.07485753419048619
239946_at,-0.012385154253419923,0.16220197957986277,0.07490841266322142,0.07490841266322142
239946_at,-0.012385154253419923,0.16220197957986277,0.07490841266322142,0.07490841266322142
240592_at,-0.048475137890749885,0.20094937110593514,0.07623711660759262,0.07623711660759262
240592_at,-0.048475137890749885,0.20094937110593514,0.07623711660759262,0.07623711660759262
228225_at,-0.03842268549211892,0.1957625875866102,0.07866995104724564,0.07866995104724564
228225_at,-0.03842268549211892,0.1957625875866102,0.07866995104724564,0.07866995104724564
227041_at,0.19855537973786655,-0.04103209255189029,0.07876164359298812,0.07876164359298812
227041_at,0.19855537973786655,-0.04103209255189029,0.07876164359298812,0.07876164359298812
1557754_at,-0.08028535582055407,0.23852923929916525,0.07912194173930559,0.07912194173930559
1557754_at,-0.08028535582055407,0.23852923929916525,0.07912194173930559,0.07912194173930559
221147_x_at,0.029399770115386935,0.12892797096047556,0.07916387053793125,0.07916387053793125
221147_x_at,0.029399770115386935,0.12892797096047556,0.07916387053793125,0.07916387053793125
234783_at,0.11804905399183262,0.04201313796654068,0.08003109597918664,0.08003109597918664
234783_at,0.11804905399183262,0.04201313796654068,0.08003109597918664,0.08003109597918664
205909_at,0.1688514130656094,-0.00801399771379676,0.08041870767590632,0.08041870767590632
205909_at,0.1688514130656094,-0.00801399771379676,0.08041870767590632,0.08041870767590632
218350_s_at,-0.15052654276807526,0.3114593328425083,0.08046639503721653,0.08046639503721653
218350_s_at,-0.15052654276807526,0.3114593328425083,0.08046639503721653,0.08046639503721653
224694_at,0.19984329464263387,-0.036679004386319845,0.08158214512815701,0.08158214512815701
224694_at,0.19984329464263387,-0.036679004386319845,0.08158214512815701,0.08158214512815701
219990_at,0.2774798304963841,-0.1139550710700383,0.08176237971317289,0.08176237971317289
219990_at,0.2774798304963841,-0.1139550710700383,0.08176237971317289,0.08176237971317289
220085_at,0.0432062632591289,0.12322047772089871,0.0832133704900138,0.0832133704900138
220085_at,0.0432062632591289,0.12322047772089871,0.0832133704900138,0.0832133704900138
204603_at,0.33221973855305004,-0.16560914333756774,0.08330529760774115,0.08330529760774115
204603_at,0.33221973855305004,-0.16560914333756774,0.08330529760774115,0.08330529760774115
201764_at,0.09298933687414312,0.07611131940034595,0.08455032813724453,0.08455032813724453
201764_at,0.09298933687414312,0.07611131940034595,0.08455032813724453,0.08455032813724453
207538_at,0.24367844579950526,-0.07419543410787774,0.08474150584581376,0.08474150584581376
207538_at,0.24367844579950526,-0.07419543410787774,0.08474150584581376,0.08474150584581376
202468_s_at,0.2430488543049592,-0.07336800986108695,0.08484042222193613,0.08484042222193613
202468_s_at,0.2430488543049592,-0.07336800986108695,0.08484042222193613,0.08484042222193613
231892_at,0.061286108147638726,0.11051706513857988,0.0859015866431093,0.0859015866431093
231892_at,0.061286108147638726,0.11051706513857988,0.0859015866431093,0.0859015866431093
218039_at,0.08320051346820087,0.08888140285111235,0.08604095815965661,0.08604095815965661
218039_at,0.08320051346820087,0.08888140285111235,0.08604095815965661,0.08604095815965661
1554696_s_at,-0.027065326411603138,0.19946567192530476,0.08620017275685081,0.08620017275685081
1554696_s_at,-0.027065326411603138,0.19946567192530476,0.08620017275685081,0.08620017275685081
228559_at,0.23449595263687853,-0.061538851364573294,0.08647855063615262,0.08647855063615262
228559_at,0.23449595263687853,-0.061538851364573294,0.08647855063615262,0.08647855063615262
212279_at,0.03415531068521985,0.14005751958199977,0.08710641513360981,0.08710641513360981
212279_at,0.03415531068521985,0.14005751958199977,0.08710641513360981,0.08710641513360981
204162_at,0.20815275668071176,-0.032392742027866836,0.08788000732642245,0.08788000732642245
204162_at,0.20815275668071176,-0.032392742027866836,0.08788000732642245,0.08788000732642245
1569608_x_at,0.02837155885125284,0.14756298154833553,0.08796727019979418,0.08796727019979418
1569608_x_at,0.02837155885125284,0.14756298154833553,0.08796727019979418,0.08796727019979418
215611_at,-0.11466007055635666,0.2912964136933382,0.08831817156849077,0.08831817156849077
215611_at,-0.11466007055635666,0.2912964136933382,0.08831817156849077,0.08831817156849077
231862_at,0.1640350434299167,0.012682996519820636,0.08835901997486867,0.08835901997486867
231862_at,0.1640350434299167,0.012682996519820636,0.08835901997486867,0.08835901997486867
235970_at,0.4712229710763377,-0.291652410486063,0.08978528029513735,0.08978528029513735
235970_at,0.4712229710763377,-0.291652410486063,0.08978528029513735,0.08978528029513735
222934_s_at,0.1238976902858852,0.056859076162048175,0.09037838322396669,0.09037838322396669
222934_s_at,0.1238976902858852,0.056859076162048175,0.09037838322396669,0.09037838322396669
213008_at,0.2792079208122996,-0.09735952315130401,0.0909241988304978,0.0909241988304978
213008_at,0.2792079208122996,-0.09735952315130401,0.0909241988304978,0.0909241988304978
231973_s_at,-0.1533979280107777,0.33554544815922965,0.09107376007422598,0.09107376007422598
231973_s_at,-0.1533979280107777,0.33554544815922965,0.09107376007422598,0.09107376007422598
227896_at,0.12695875333976284,0.05586058737062931,0.09140967035519607,0.09140967035519607
227896_at,0.12695875333976284,0.05586058737062931,0.09140967035519607,0.09140967035519607
227436_at,0.11946877441911523,0.06352042086206297,0.09149459764058909,0.09149459764058909
227436_at,0.11946877441911523,0.06352042086206297,0.09149459764058909,0.09149459764058909
207518_at,0.14533479339006028,0.03930502951656108,0.09231991145331067,0.09231991145331067
207518_at,0.14533479339006028,0.03930502951656108,0.09231991145331067,0.09231991145331067
221265_s_at,-0.033913782813365066,0.22068489045012954,0.09338555381838223,0.09338555381838223
221265_s_at,-0.033913782813365066,0.22068489045012954,0.09338555381838223,0.09338555381838223
214281_s_at,-0.2825548119357368,0.4710469730234374,0.09424608054385031,0.09424608054385031
214281_s_at,-0.2825548119357368,0.4710469730234374,0.09424608054385031,0.09424608054385031
226868_at,0.19917310611502587,-0.0054632416625049396,0.09685493222626046,0.09685493222626046
226868_at,0.19917310611502587,-0.0054632416625049396,0.09685493222626046,0.09685493222626046
210756_s_at,0.1795548355863646,0.014165536151342022,0.09686018586885331,0.09686018586885331
210756_s_at,0.1795548355863646,0.014165536151342022,0.09686018586885331,0.09686018586885331
204146_at,0.1285350497596333,0.06577196031375385,0.09715350503669358,0.09715350503669358
204146_at,0.1285350497596333,0.06577196031375385,0.09715350503669358,0.09715350503669358
224596_at,-0.0528280534460682,0.24996862055938962,0.09857028355666071,0.09857028355666071
224596_at,-0.0528280534460682,0.24996862055938962,0.09857028355666071,0.09857028355666071
203209_at,-0.06746373537263942,0.2661622628801101,0.09934926375373533,0.09934926375373533
203209_at,-0.06746373537263942,0.2661622628801101,0.09934926375373533,0.09934926375373533
228378_at,0.0685007304835489,0.1302851997435444,0.09939296511354666,0.09939296511354666
228378_at,0.0685007304835489,0.1302851997435444,0.09939296511354666,0.09939296511354666
201688_s_at,0.16302890903958578,0.037025038534623474,0.10002697378710462,0.10002697378710462
201688_s_at,0.16302890903958578,0.037025038534623474,0.10002697378710462,0.10002697378710462
233757_x_at,-0.006748461283645848,0.2073584155881531,0.10030497715225363,0.10030497715225363
233757_x_at,-0.006748461283645848,0.2073584155881531,0.10030497715225363,0.10030497715225363
213235_at,0.016227244193438125,0.18587657103447544,0.10105190761395678,0.10105190761395678
213235_at,0.016227244193438125,0.18587657103447544,0.10105190761395678,0.10105190761395678
1557780_at,0.2780309576798505,-0.07426695283041712,0.10188200242471668,0.10188200242471668
1557780_at,0.2780309576798505,-0.07426695283041712,0.10188200242471668,0.10188200242471668
204462_s_at,0.12172143502972692,0.08228147811429926,0.1020014565720131,0.1020014565720131
204462_s_at,0.12172143502972692,0.08228147811429926,0.1020014565720131,0.1020014565720131
1559895_x_at,0.10894872527198067,0.10178625279685106,0.10536748903441587,0.10536748903441587
1559895_x_at,0.10894872527198067,0.10178625279685106,0.10536748903441587,0.10536748903441587
38158_at,0.27406392105427185,-0.06104780032441572,0.10650806036492806,0.10650806036492806
38158_at,0.27406392105427185,-0.06104780032441572,0.10650806036492806,0.10650806036492806
204459_at,0.16145123531429187,0.05289931341284133,0.1071752743635666,0.1071752743635666
204459_at,0.16145123531429187,0.05289931341284133,0.1071752743635666,0.1071752743635666
201714_at,0.05375887555980746,0.16133737039802318,0.10754812297891532,0.10754812297891532
201714_at,0.05375887555980746,0.16133737039802318,0.10754812297891532,0.10754812297891532
238858_at,0.3050441718513238,-0.08876587446555975,0.10813914869288203,0.10813914869288203
238858_at,0.3050441718513238,-0.08876587446555975,0.10813914869288203,0.10813914869288203
209715_at,0.14577277671436953,0.07060269443958701,0.10818773557697828,0.10818773557697828
209715_at,0.14577277671436953,0.07060269443958701,0.10818773557697828,0.10818773557697828
203434_s_at,0.19227965928702456,0.02453346455783828,0.10840656192243142,0.10840656192243142
203434_s_at,0.19227965928702456,0.02453346455783828,0.10840656192243142,0.10840656192243142
218698_at,-0.07760836086933716,0.29561268812581226,0.10900216362823756,0.10900216362823756
218698_at,-0.07760836086933716,0.29561268812581226,0.10900216362823756,0.10900216362823756
227350_at,-0.02677439852786668,0.24556893875157423,0.10939727011185378,0.10939727011185378
227350_at,-0.02677439852786668,0.24556893875157423,0.10939727011185378,0.10939727011185378
230409_at,0.22301221497262014,-0.00381277391908033,0.1095997205267699,0.1095997205267699
230409_at,0.22301221497262014,-0.00381277391908033,0.1095997205267699,0.1095997205267699
217931_at,0.037927424867026625,0.188317368191389,0.11312239652920782,0.11312239652920782
217931_at,0.037927424867026625,0.188317368191389,0.11312239652920782,0.11312239652920782
205761_s_at,0.005969644465026401,0.22060841694643216,0.11328903070572928,0.11328903070572928
205761_s_at,0.005969644465026401,0.22060841694643216,0.11328903070572928,0.11328903070572928
208002_s_at,0.12463047830601014,0.10269111179827108,0.1136607950521406,0.1136607950521406
208002_s_at,0.12463047830601014,0.10269111179827108,0.1136607950521406,0.1136607950521406
201890_at,0.06572522673330224,0.16187808186685326,0.11380165430007774,0.11380165430007774
201890_at,0.06572522673330224,0.16187808186685326,0.11380165430007774,0.11380165430007774
226276_at,-0.18778717935451206,0.4156535454675726,0.11393318305653027,0.11393318305653027
226276_at,-0.18778717935451206,0.4156535454675726,0.11393318305653027,0.11393318305653027
225020_at,0.15211802832835372,0.07676105449466619,0.11443954141150996,0.11443954141150996
225020_at,0.15211802832835372,0.07676105449466619,0.11443954141150996,0.11443954141150996
222736_s_at,0.14625033675691834,0.08307428876306981,0.11466231275999408,0.11466231275999408
222736_s_at,0.14625033675691834,0.08307428876306981,0.11466231275999408,0.11466231275999408
218662_s_at,0.30356674491931224,-0.07074201919169683,0.11641236286380771,0.11641236286380771
218662_s_at,0.30356674491931224,-0.07074201919169683,0.11641236286380771,0.11641236286380771
210221_at,0.37096745170315815,-0.13759230629337002,0.11668757270489406,0.11668757270489406
210221_at,0.37096745170315815,-0.13759230629337002,0.11668757270489406,0.11668757270489406
235371_at,-0.06443440339269649,0.3003287395694628,0.11794716808838317,0.11794716808838317
235371_at,-0.06443440339269649,0.3003287395694628,0.11794716808838317,0.11794716808838317
1557519_at,0.09295966614468021,0.14465475495175845,0.11880721054821933,0.11880721054821933
1557519_at,0.09295966614468021,0.14465475495175845,0.11880721054821933,0.11880721054821933
204662_at,0.11122715346707744,0.126524705561208,0.11887592951414272,0.11887592951414272
204662_at,0.11122715346707744,0.126524705561208,0.11887592951414272,0.11887592951414272
203696_s_at,0.13509852803313566,0.10463584967965274,0.11986718885639419,0.11986718885639419
203696_s_at,0.13509852803313566,0.10463584967965274,0.11986718885639419,0.11986718885639419
222267_at,0.13878573259816487,0.10587413445733553,0.1223299335277502,0.1223299335277502
222267_at,0.13878573259816487,0.10587413445733553,0.1223299335277502,0.1223299335277502
226852_at,0.1270246570409175,0.12428539634685722,0.12565502669388737,0.12565502669388737
226852_at,0.1270246570409175,0.12428539634685722,0.12565502669388737,0.12565502669388737
208347_at,0.19784556570179215,0.05364190230591583,0.125743734003854,0.125743734003854
208347_at,0.19784556570179215,0.05364190230591583,0.125743734003854,0.125743734003854
201292_at,0.3408859300056598,-0.0891390743726415,0.12587342781650915,0.12587342781650915
201292_at,0.3408859300056598,-0.0891390743726415,0.12587342781650915,0.12587342781650915
229551_x_at,0.029429105224095812,0.22285694338216996,0.1261430243031329,0.1261430243031329
229551_x_at,0.029429105224095812,0.22285694338216996,0.1261430243031329,0.1261430243031329
201317_s_at,-0.05920095234849034,0.3128458539481064,0.12682245079980803,0.12682245079980803
201317_s_at,-0.05920095234849034,0.3128458539481064,0.12682245079980803,0.12682245079980803
219148_at,0.39338310735400417,-0.13734011861544482,0.12802149436927968,0.12802149436927968
219148_at,0.39338310735400417,-0.13734011861544482,0.12802149436927968,0.12802149436927968
227966_s_at,0.18661538278171413,0.07031079171596093,0.12846308724883754,0.12846308724883754
227966_s_at,0.18661538278171413,0.07031079171596093,0.12846308724883754,0.12846308724883754
214737_x_at,0.02073116009527814,0.2374178221978955,0.1290744911465868,0.1290744911465868
214737_x_at,0.02073116009527814,0.2374178221978955,0.1290744911465868,0.1290744911465868
1566518_at,0.3405133476080854,-0.08187814428197585,0.12931760166305478,0.12931760166305478
1566518_at,0.3405133476080854,-0.08187814428197585,0.12931760166305478,0.12931760166305478
204777_s_at,-0.028270937267742213,0.28771817847782344,0.1297236206050406,0.1297236206050406
204777_s_at,-0.028270937267742213,0.28771817847782344,0.1297236206050406,0.1297236206050406
204775_at,0.14960584079863912,0.11116797370346143,0.1303869072510503,0.1303869072510503
204775_at,0.14960584079863912,0.11116797370346143,0.1303869072510503,0.1303869072510503
209753_s_at,0.2512029186077461,0.010418417314227596,0.13081066796098684,0.13081066796098684
209753_s_at,0.2512029186077461,0.010418417314227596,0.13081066796098684,0.13081066796098684
224661_at,-0.2670858888289377,0.5293666029048376,0.13114035703794996,0.13114035703794996
224661_at,-0.2670858888289377,0.5293666029048376,0.13114035703794996,0.13114035703794996
218719_s_at,0.24858444509555225,0.01846598279456862,0.13352521394506042,0.13352521394506042
218719_s_at,0.24858444509555225,0.01846598279456862,0.13352521394506042,0.13352521394506042
228711_at,0.12211363424553501,0.14521673437291133,0.13366518430922317,0.13366518430922317
228711_at,0.12211363424553501,0.14521673437291133,0.13366518430922317,0.13366518430922317
227291_s_at,-0.03969311739751209,0.3117187125603015,0.1360127975813947,0.1360127975813947
227291_s_at,-0.03969311739751209,0.3117187125603015,0.1360127975813947,0.1360127975813947
218252_at,0.04515447238512749,0.22813605957060676,0.13664526597786714,0.13664526597786714
218252_at,0.04515447238512749,0.22813605957060676,0.13664526597786714,0.13664526597786714
207738_s_at,0.3103914026780787,-0.02947369790251745,0.1404588523877806,0.1404588523877806
207738_s_at,0.3103914026780787,-0.02947369790251745,0.1404588523877806,0.1404588523877806
1568742_at,0.0942697745486006,0.18682127787034788,0.14054552620947425,0.14054552620947425
1568742_at,0.0942697745486006,0.18682127787034788,0.14054552620947425,0.14054552620947425
241836_x_at,0.22059887314311244,0.06168374219657693,0.14114130766984467,0.14114130766984467
241836_x_at,0.22059887314311244,0.06168374219657693,0.14114130766984467,0.14114130766984467
205024_s_at,0.22806764281968936,0.05596324102623878,0.14201544192296406,0.14201544192296406
205024_s_at,0.22806764281968936,0.05596324102623878,0.14201544192296406,0.14201544192296406
226925_at,0.04051066260543503,0.24510206698431597,0.1428063647948755,0.1428063647948755
226925_at,0.04051066260543503,0.24510206698431597,0.1428063647948755,0.1428063647948755
228073_at,0.3829845459106749,-0.09556357194871538,0.14371048698097974,0.14371048698097974
228073_at,0.3829845459106749,-0.09556357194871538,0.14371048698097974,0.14371048698097974
232309_at,0.12778582408985012,0.1596690085237181,0.1437274163067841,0.1437274163067841
232309_at,0.12778582408985012,0.1596690085237181,0.1437274163067841,0.1437274163067841
201689_s_at,0.22678452057192738,0.06221161597842548,0.14449806827517642,0.14449806827517642
201689_s_at,0.22678452057192738,0.06221161597842548,0.14449806827517642,0.14449806827517642
204674_at,0.32719202843510753,-0.03673659909603164,0.14522771466953793,0.14522771466953793
204674_at,0.32719202843510753,-0.03673659909603164,0.14522771466953793,0.14522771466953793
33768_at,0.1429765001437342,0.14907732370352797,0.1460269119236311,0.1460269119236311
33768_at,0.1429765001437342,0.14907732370352797,0.1460269119236311,0.1460269119236311
236608_at,0.3562387288396141,-0.06272116353522716,0.14675878265219347,0.14675878265219347
236608_at,0.3562387288396141,-0.06272116353522716,0.14675878265219347,0.14675878265219347
221258_s_at,0.28049020476356235,0.014903175379838448,0.1476966900717004,0.1476966900717004
221258_s_at,0.28049020476356235,0.014903175379838448,0.1476966900717004,0.1476966900717004
203039_s_at,0.006088974130280949,0.29031393177999665,0.14820145295513878,0.14820145295513878
203039_s_at,0.006088974130280949,0.29031393177999665,0.14820145295513878,0.14820145295513878
201619_at,0.028598532784748845,0.26868224427692783,0.14864038853083833,0.14864038853083833
201619_at,0.028598532784748845,0.26868224427692783,0.14864038853083833,0.14864038853083833
1552910_at,0.04256477348660049,0.25566196086191434,0.1491133671742574,0.1491133671742574
1552910_at,0.04256477348660049,0.25566196086191434,0.1491133671742574,0.1491133671742574
200978_at,0.03445670982270995,0.2669065064695983,0.1506816081461541,0.1506816081461541
200978_at,0.03445670982270995,0.2669065064695983,0.1506816081461541,0.1506816081461541
223738_s_at,0.12348981145085282,0.17816883727117627,0.15082932436101454,0.15082932436101454
223738_s_at,0.12348981145085282,0.17816883727117627,0.15082932436101454,0.15082932436101454
205375_at,0.1786843570150601,0.1233263792897116,0.15100536815238585,0.15100536815238585
205375_at,0.1786843570150601,0.1233263792897116,0.15100536815238585,0.15100536815238585
209011_at,0.21959965708143778,0.08376243311836877,0.15168104509990327,0.15168104509990327
209011_at,0.21959965708143778,0.08376243311836877,0.15168104509990327,0.15168104509990327
201476_s_at,0.24913530167585787,0.05789305871132371,0.15351418019359078,0.15351418019359078
201476_s_at,0.24913530167585787,0.05789305871132371,0.15351418019359078,0.15351418019359078
201035_s_at,0.3168879575688925,-0.009017995451123919,0.15393498105888428,0.15393498105888428
201035_s_at,0.3168879575688925,-0.009017995451123919,0.15393498105888428,0.15393498105888428
1557128_at,0.09043230196964484,0.2183670533731845,0.15439967767141466,0.15439967767141466
1557128_at,0.09043230196964484,0.2183670533731845,0.15439967767141466,0.15439967767141466
200783_s_at,0.0217419425800556,0.2891165774528766,0.15542926001646612,0.15542926001646612
200783_s_at,0.0217419425800556,0.2891165774528766,0.15542926001646612,0.15542926001646612
205644_s_at,-0.11540411093230407,0.4266878569255439,0.1556418729966199,0.1556418729966199
205644_s_at,-0.11540411093230407,0.4266878569255439,0.1556418729966199,0.1556418729966199
222631_at,0.12586908181264841,0.1856578971837439,0.15576348949819616,0.15576348949819616
222631_at,0.12586908181264841,0.1856578971837439,0.15576348949819616,0.15576348949819616
216806_at,0.1309262135251443,0.18189271610349403,0.15640946481431917,0.15640946481431917
216806_at,0.1309262135251443,0.18189271610349403,0.15640946481431917,0.15640946481431917
201202_at,0.06818812008453688,0.24724802900199444,0.15771807454326567,0.15771807454326567
201202_at,0.06818812008453688,0.24724802900199444,0.15771807454326567,0.15771807454326567
209980_s_at,0.18892543876843293,0.1280535104021247,0.15848947458527882,0.15848947458527882
209980_s_at,0.18892543876843293,0.1280535104021247,0.15848947458527882,0.15848947458527882
228600_x_at,0.02034800755888184,0.2988175867944582,0.15958279717667,0.15958279717667
228600_x_at,0.02034800755888184,0.2988175867944582,0.15958279717667,0.15958279717667
222722_at,0.3966731767373383,-0.07579447289369508,0.16043935192182163,0.16043935192182163
222722_at,0.3966731767373383,-0.07579447289369508,0.16043935192182163,0.16043935192182163
212398_at,0.32761343196750337,-0.006179574886344839,0.16071692854057926,0.16071692854057926
212398_at,0.32761343196750337,-0.006179574886344839,0.16071692854057926,0.16071692854057926
201801_s_at,0.4244529588775812,-0.1026861855590741,0.16088338665925356,0.16088338665925356
201801_s_at,0.4244529588775812,-0.1026861855590741,0.16088338665925356,0.16088338665925356
202483_s_at,0.23208840696781086,0.0906957179536993,0.16139206246075508,0.16139206246075508
202483_s_at,0.23208840696781086,0.0906957179536993,0.16139206246075508,0.16139206246075508
210976_s_at,0.2741927083006458,0.05135922457902227,0.16277596643983402,0.16277596643983402
210976_s_at,0.2741927083006458,0.05135922457902227,0.16277596643983402,0.16277596643983402
204728_s_at,0.3031038990153217,0.024398311747223563,0.16375110538127263,0.16375110538127263
204728_s_at,0.3031038990153217,0.024398311747223563,0.16375110538127263,0.16375110538127263
209408_at,0.21842477690579432,0.11053031604904934,0.16447754647742183,0.16447754647742183
209408_at,0.21842477690579432,0.11053031604904934,0.16447754647742183,0.16447754647742183
214464_at,0.3074956332166718,0.023787774083815282,0.16564170365024353,0.16564170365024353
214464_at,0.3074956332166718,0.023787774083815282,0.16564170365024353,0.16564170365024353
211837_s_at,0.31851457452362036,0.015973207353762665,0.16724389093869152,0.16724389093869152
211837_s_at,0.31851457452362036,0.015973207353762665,0.16724389093869152,0.16724389093869152
229305_at,0.157099262048763,0.18141270478659655,0.16925598341767978,0.16925598341767978
229305_at,0.157099262048763,0.18141270478659655,0.16925598341767978,0.16925598341767978
232611_at,0.11848762612981689,0.22127233720611802,0.16987998166796747,0.16987998166796747
232611_at,0.11848762612981689,0.22127233720611802,0.16987998166796747,0.16987998166796747
201697_s_at,0.059009669332932016,0.28149549366508436,0.17025258149900818,0.17025258149900818
201697_s_at,0.059009669332932016,0.28149549366508436,0.17025258149900818,0.17025258149900818
206945_at,0.31101116474580626,0.0295210789038947,0.17026612182485049,0.17026612182485049
206945_at,0.31101116474580626,0.0295210789038947,0.17026612182485049,0.17026612182485049
242890_at,0.24722984190961472,0.09353297754524925,0.170381409727432,0.170381409727432
242890_at,0.24722984190961472,0.09353297754524925,0.170381409727432,0.170381409727432
219918_s_at,0.3066433440256983,0.03473523358504496,0.17068928880537165,0.17068928880537165
219918_s_at,0.3066433440256983,0.03473523358504496,0.17068928880537165,0.17068928880537165
218397_at,0.031790701709216496,0.31095191670304956,0.17137130920613303,0.17137130920613303
218397_at,0.031790701709216496,0.31095191670304956,0.17137130920613303,0.17137130920613303
201485_s_at,-0.03588664151237466,0.378751099294942,0.17143222889128368,0.17143222889128368
201485_s_at,-0.03588664151237466,0.378751099294942,0.17143222889128368,0.17143222889128368
204492_at,0.24266734045730695,0.10283852471216179,0.17275293258473437,0.17275293258473437
204492_at,0.24266734045730695,0.10283852471216179,0.17275293258473437,0.17275293258473437
228088_at,0.3145637772538673,0.03678053452941046,0.17567215589163887,0.17567215589163887
228088_at,0.3145637772538673,0.03678053452941046,0.17567215589163887,0.17567215589163887
218458_at,-0.18856982476058684,0.5402468583857473,0.17583851681258023,0.17583851681258023
218458_at,-0.18856982476058684,0.5402468583857473,0.17583851681258023,0.17583851681258023
218356_at,-0.047888284446101846,0.4020473689905245,0.17707954227221134,0.17707954227221134
218356_at,-0.047888284446101846,0.4020473689905245,0.17707954227221134,0.17707954227221134
225580_at,0.1866063691267078,0.17068582113950403,0.17864609513310592,0.17864609513310592
225580_at,0.1866063691267078,0.17068582113950403,0.17864609513310592,0.17864609513310592
202309_at,0.1299966718252554,0.22947265840806338,0.1797346651166594,0.1797346651166594
202309_at,0.1299966718252554,0.22947265840806338,0.1797346651166594,0.1797346651166594
202705_at,0.24576405485465427,0.11411366788396352,0.1799388613693089,0.1799388613693089
202705_at,0.24576405485465427,0.11411366788396352,0.1799388613693089,0.1799388613693089
226789_at,0.08698295191537214,0.27358547110580084,0.1802842115105865,0.1802842115105865
226789_at,0.08698295191537214,0.27358547110580084,0.1802842115105865,0.1802842115105865
1554408_a_at,0.2697244890994271,0.09142531933874397,0.18057490421908554,0.18057490421908554
1554408_a_at,0.2697244890994271,0.09142531933874397,0.18057490421908554,0.18057490421908554
221483_s_at,-0.07089758921104483,0.43209374381179544,0.1805980773003753,0.1805980773003753
221483_s_at,-0.07089758921104483,0.43209374381179544,0.1805980773003753,0.1805980773003753
224660_at,-0.058172645662201414,0.42042468292799073,0.18112601863289465,0.18112601863289465
224660_at,-0.058172645662201414,0.42042468292799073,0.18112601863289465,0.18112601863289465
205036_at,0.019040867660251155,0.343404994743924,0.18122293120208757,0.18122293120208757
205036_at,0.019040867660251155,0.343404994743924,0.18122293120208757,0.18122293120208757
226507_at,0.2508873448052756,0.1122017434805928,0.1815445441429342,0.1815445441429342
226507_at,0.2508873448052756,0.1122017434805928,0.1815445441429342,0.1815445441429342
211978_x_at,0.1354178618147871,0.22896205945143389,0.1821899606331105,0.1821899606331105
211978_x_at,0.1354178618147871,0.22896205945143389,0.1821899606331105,0.1821899606331105
230060_at,0.3846258250941269,-0.016090261365344354,0.18426778186439127,0.18426778186439127
230060_at,0.3846258250941269,-0.016090261365344354,0.18426778186439127,0.18426778186439127
229793_at,0.36761164277557873,0.003179577129926421,0.1853956099527526,0.1853956099527526
229793_at,0.36761164277557873,0.003179577129926421,0.1853956099527526,0.1853956099527526
235952_at,0.4401308156693706,-0.066672499306535,0.1867291581814178,0.1867291581814178
235952_at,0.4401308156693706,-0.066672499306535,0.1867291581814178,0.1867291581814178
208828_at,0.029859770351407314,0.34445522528145256,0.18715749781642993,0.18715749781642993
208828_at,0.029859770351407314,0.34445522528145256,0.18715749781642993,0.18715749781642993
222097_at,8.159296613013014e-05,0.3766077339080471,0.1883446634370886,0.1883446634370886
222097_at,8.159296613013014e-05,0.3766077339080471,0.1883446634370886,0.1883446634370886
1558705_at,0.2806297672296951,0.09641494240481217,0.18852235481725366,0.18852235481725366
1558705_at,0.2806297672296951,0.09641494240481217,0.18852235481725366,0.18852235481725366
1561398_at,0.2063986976751195,0.17180967267086822,0.18910418517299388,0.18910418517299388
1561398_at,0.2063986976751195,0.17180967267086822,0.18910418517299388,0.18910418517299388
205063_at,0.09074752896655193,0.2874623533352105,0.1891049411508812,0.1891049411508812
205063_at,0.09074752896655193,0.2874623533352105,0.1891049411508812,0.1891049411508812
219512_at,0.31293607973955473,0.06565294919029305,0.1892945144649239,0.1892945144649239
219512_at,0.31293607973955473,0.06565294919029305,0.1892945144649239,0.1892945144649239
230401_at,0.171119575647823,0.20781999817714372,0.18946978691248337,0.18946978691248337
230401_at,0.171119575647823,0.20781999817714372,0.18946978691248337,0.18946978691248337
204026_s_at,0.10214984074506046,0.2787315169225947,0.19044067883382756,0.19044067883382756
204026_s_at,0.10214984074506046,0.2787315169225947,0.19044067883382756,0.19044067883382756
205053_at,0.1795876514320519,0.20200412601357365,0.19079588872281278,0.19079588872281278
205053_at,0.1795876514320519,0.20200412601357365,0.19079588872281278,0.19079588872281278
242900_at,0.3037531786653941,0.0800918467574659,0.19192251271143,0.19192251271143
242900_at,0.3037531786653941,0.0800918467574659,0.19192251271143,0.19192251271143
212789_at,0.2807529202962047,0.10457569055839498,0.19266430542729984,0.19266430542729984
212789_at,0.2807529202962047,0.10457569055839498,0.19266430542729984,0.19266430542729984
224888_at,0.20676342007591825,0.18472667564112655,0.1957450478585224,0.1957450478585224
224888_at,0.20676342007591825,0.18472667564112655,0.1957450478585224,0.1957450478585224
210296_s_at,-0.04063898549086971,0.4324190748463277,0.195890044677729,0.195890044677729
210296_s_at,-0.04063898549086971,0.4324190748463277,0.195890044677729,0.195890044677729
201555_at,0.3565425967487255,0.03558973482681844,0.19606616578777197,0.19606616578777197
201555_at,0.3565425967487255,0.03558973482681844,0.19606616578777197,0.19606616578777197
219978_s_at,0.4968468978740128,-0.10313851131115899,0.19685419328142692,0.19685419328142692
219978_s_at,0.4968468978740128,-0.10313851131115899,0.19685419328142692,0.19685419328142692
212749_s_at,-0.18562582065443936,0.5936122334301911,0.20399320638787588,0.20399320638787588
212749_s_at,-0.18562582065443936,0.5936122334301911,0.20399320638787588,0.20399320638787588
244620_at,0.43556311638239803,-0.02745039675986446,0.2040563598112668,0.2040563598112668
244620_at,0.43556311638239803,-0.02745039675986446,0.2040563598112668,0.2040563598112668
208657_s_at,0.06237129376468708,0.3463257209651454,0.20434850736491625,0.20434850736491625
208657_s_at,0.06237129376468708,0.3463257209651454,0.20434850736491625,0.20434850736491625
201690_s_at,0.2146632310243736,0.19426404674323178,0.2044636388838027,0.2044636388838027
201690_s_at,0.2146632310243736,0.19426404674323178,0.2044636388838027,0.2044636388838027
225655_at,0.07161404494232287,0.337343676464329,0.20447886070332594,0.20447886070332594
225655_at,0.07161404494232287,0.337343676464329,0.20447886070332594,0.20447886070332594
235425_at,0.4306574376826845,-0.021520220565161445,0.20456860855876152,0.20456860855876152
235425_at,0.4306574376826845,-0.021520220565161445,0.20456860855876152,0.20456860855876152
212369_at,0.19086133357154816,0.21910408344015844,0.20498270850585332,0.20498270850585332
212369_at,0.19086133357154816,0.21910408344015844,0.20498270850585332,0.20498270850585332
208975_s_at,-0.020389140153437835,0.4307593422610716,0.20518510105381688,0.20518510105381688
208975_s_at,-0.020389140153437835,0.4307593422610716,0.20518510105381688,0.20518510105381688
207705_s_at,0.3926296021928597,0.020767598961484002,0.20669860057717185,0.20669860057717185
207705_s_at,0.3926296021928597,0.020767598961484002,0.20669860057717185,0.20669860057717185
207268_x_at,0.0576199244188717,0.3564043937586262,0.20701215908874895,0.20701215908874895
207268_x_at,0.0576199244188717,0.3564043937586262,0.20701215908874895,0.20701215908874895
218875_s_at,0.18174717599045015,0.23313549222496413,0.20744133410770715,0.20744133410770715
218875_s_at,0.18174717599045015,0.23313549222496413,0.20744133410770715,0.20744133410770715
219876_s_at,0.3769260809939025,0.03840417126041822,0.20766512612716037,0.20766512612716037
219876_s_at,0.3769260809939025,0.03840417126041822,0.20766512612716037,0.20766512612716037
215492_x_at,0.4913699782247793,-0.07406979506495513,0.20865009157991207,0.20865009157991207
215492_x_at,0.4913699782247793,-0.07406979506495513,0.20865009157991207,0.20865009157991207
1568799_at,0.26641241712021896,0.1529012762222644,0.20965684667124168,0.20965684667124168
1568799_at,0.26641241712021896,0.1529012762222644,0.20965684667124168,0.20965684667124168
219886_at,0.37747835380756645,0.04235367342912308,0.20991601361834478,0.20991601361834478
219886_at,0.37747835380756645,0.04235367342912308,0.20991601361834478,0.20991601361834478
228009_x_at,0.030936317914784663,0.3919163132938396,0.21142631560431213,0.21142631560431213
228009_x_at,0.030936317914784663,0.3919163132938396,0.21142631560431213,0.21142631560431213
218726_at,0.39929860274537393,0.0235710382118411,0.2114348204786075,0.2114348204786075
218726_at,0.39929860274537393,0.0235710382118411,0.2114348204786075,0.2114348204786075
211378_x_at,0.22091332942602018,0.20215060194179724,0.2115319656839087,0.2115319656839087
211378_x_at,0.22091332942602018,0.20215060194179724,0.2115319656839087,0.2115319656839087
213069_at,0.16774369779489362,0.2565173206657974,0.21213050923034552,0.21213050923034552
213069_at,0.16774369779489362,0.2565173206657974,0.21213050923034552,0.21213050923034552
1555201_a_at,0.3537716780590778,0.07326109836767151,0.21351638821337465,0.21351638821337465
1555201_a_at,0.3537716780590778,0.07326109836767151,0.21351638821337465,0.21351638821337465
224204_x_at,0.31779190141098396,0.10931048070251888,0.2135511910567514,0.2135511910567514
224204_x_at,0.31779190141098396,0.10931048070251888,0.2135511910567514,0.2135511910567514
205339_at,0.26548081010084373,0.16344434706428831,0.214462578582566,0.214462578582566
205339_at,0.26548081010084373,0.16344434706428831,0.214462578582566,0.214462578582566
210865_at,0.27318233929663427,0.16090869152026832,0.2170455154084513,0.2170455154084513
210865_at,0.27318233929663427,0.16090869152026832,0.2170455154084513,0.2170455154084513
201014_s_at,0.1965996014568673,0.2381248023633628,0.21736220191011507,0.21736220191011507
201014_s_at,0.1965996014568673,0.2381248023633628,0.21736220191011507,0.21736220191011507
211519_s_at,0.36717267056861297,0.06766405767733936,0.21741836412297616,0.21741836412297616
211519_s_at,0.36717267056861297,0.06766405767733936,0.21741836412297616,0.21741836412297616
1557129_a_at,0.3386903050064885,0.09625322259538777,0.21747176380093813,0.21747176380093813
1557129_a_at,0.3386903050064885,0.09625322259538777,0.21747176380093813,0.21747176380093813
238393_at,0.30601265922809245,0.13025216035358053,0.21813240979083648,0.21813240979083648
238393_at,0.30601265922809245,0.13025216035358053,0.21813240979083648,0.21813240979083648
210983_s_at,0.1569563031492931,0.28227129683946744,0.21961379999438027,0.21961379999438027
210983_s_at,0.1569563031492931,0.28227129683946744,0.21961379999438027,0.21961379999438027
226112_at,0.21620312262610544,0.2249954175434949,0.22059927008480018,0.22059927008480018
226112_at,0.21620312262610544,0.2249954175434949,0.22059927008480018,0.22059927008480018
204172_at,0.0832890096954415,0.36067072328589755,0.22197986649066953,0.22197986649066953
204172_at,0.0832890096954415,0.36067072328589755,0.22197986649066953,0.22197986649066953
235733_at,0.2808951554711038,0.16580332802835787,0.2233492417497308,0.2233492417497308
235733_at,0.2808951554711038,0.16580332802835787,0.2233492417497308,0.2233492417497308
236440_at,0.26165390257846927,0.1856866450477566,0.22367027381311294,0.22367027381311294
236440_at,0.26165390257846927,0.1856866450477566,0.22367027381311294,0.22367027381311294
204887_s_at,0.3648931211435909,0.08546461345632601,0.22517886729995845,0.22517886729995845
204887_s_at,0.3648931211435909,0.08546461345632601,0.22517886729995845,0.22517886729995845
232808_at,0.2585054320958955,0.19374300078275536,0.22612421643932543,0.22612421643932543
232808_at,0.2585054320958955,0.19374300078275536,0.22612421643932543,0.22612421643932543
1560877_a_at,0.2370685409641432,0.21594917366365193,0.22650885731389758,0.22650885731389758
1560877_a_at,0.2370685409641432,0.21594917366365193,0.22650885731389758,0.22650885731389758
217802_s_at,0.20469730229013494,0.2511512572167864,0.22792427975346066,0.22792427975346066
217802_s_at,0.20469730229013494,0.2511512572167864,0.22792427975346066,0.22792427975346066
229024_at,0.36531595481182577,0.09162461930560606,0.22847028705871592,0.22847028705871592
229024_at,0.36531595481182577,0.09162461930560606,0.22847028705871592,0.22847028705871592
206271_at,0.36072527111354297,0.09784533432464923,0.22928530271909608,0.22928530271909608
206271_at,0.36072527111354297,0.09784533432464923,0.22928530271909608,0.22928530271909608
215515_at,0.3215236449645653,0.14127937217486497,0.23140150856971514,0.23140150856971514
215515_at,0.3215236449645653,0.14127937217486497,0.23140150856971514,0.23140150856971514
200751_s_at,0.007970457607678815,0.45726958108268856,0.2326200193451837,0.2326200193451837
200751_s_at,0.007970457607678815,0.45726958108268856,0.2326200193451837,0.2326200193451837
212020_s_at,0.5513589251844673,-0.08591716792736519,0.23272087862855104,0.23272087862855104
212020_s_at,0.5513589251844673,-0.08591716792736519,0.23272087862855104,0.23272087862855104
225591_at,0.20126846987149952,0.26515291697051935,0.23321069342100942,0.23321069342100942
225591_at,0.20126846987149952,0.26515291697051935,0.23321069342100942,0.23321069342100942
232278_s_at,0.5025227372147238,-0.03338113466606834,0.23457080127432775,0.23457080127432775
232278_s_at,0.5025227372147238,-0.03338113466606834,0.23457080127432775,0.23457080127432775
203664_s_at,0.18040928331298514,0.29011094832250084,0.23526011581774298,0.23526011581774298
203664_s_at,0.18040928331298514,0.29011094832250084,0.23526011581774298,0.23526011581774298
212995_x_at,0.16493863394396194,0.306157794914608,0.23554821442928497,0.23554821442928497
212995_x_at,0.16493863394396194,0.306157794914608,0.23554821442928497,0.23554821442928497
202567_at,0.2150918239971327,0.2644533182534407,0.23977257112528672,0.23977257112528672
202567_at,0.2150918239971327,0.2644533182534407,0.23977257112528672,0.23977257112528672
201293_x_at,0.23629271013884787,0.24509330960481596,0.2406930098718319,0.2406930098718319
201293_x_at,0.23629271013884787,0.24509330960481596,0.2406930098718319,0.2406930098718319
201701_s_at,0.005187478631740436,0.4774579988660018,0.24132273874887114,0.24132273874887114
201701_s_at,0.005187478631740436,0.4774579988660018,0.24132273874887114,0.24132273874887114
221205_at,0.3138137228326029,0.17237722780341777,0.24309547531801035,0.24309547531801035
221205_at,0.3138137228326029,0.17237722780341777,0.24309547531801035,0.24309547531801035
213166_x_at,0.19181639380118296,0.29549936667340276,0.24365788023729285,0.24365788023729285
213166_x_at,0.19181639380118296,0.29549936667340276,0.24365788023729285,0.24365788023729285
202786_at,0.13730155650621273,0.3512012903312402,0.24425142341872647,0.24425142341872647
202786_at,0.13730155650621273,0.3512012903312402,0.24425142341872647,0.24425142341872647
201273_s_at,0.04208433302813751,0.45182375981022277,0.24695404641918015,0.24695404641918015
201273_s_at,0.04208433302813751,0.45182375981022277,0.24695404641918015,0.24695404641918015
205544_s_at,0.35613375220800514,0.13884006315161737,0.24748690767981124,0.24748690767981124
205544_s_at,0.35613375220800514,0.13884006315161737,0.24748690767981124,0.24748690767981124
219083_at,0.1962654419674904,0.30456264839380054,0.2504140451806455,0.2504140451806455
219083_at,0.1962654419674904,0.30456264839380054,0.2504140451806455,0.2504140451806455
244043_at,0.08985571479288024,0.4119407209646938,0.250898217878787,0.250898217878787
244043_at,0.08985571479288024,0.4119407209646938,0.250898217878787,0.250898217878787
201477_s_at,0.29400731854658474,0.20939114158542063,0.2516992300660027,0.2516992300660027
201477_s_at,0.29400731854658474,0.20939114158542063,0.2516992300660027,0.2516992300660027
215773_x_at,0.17539652713483556,0.3288804664676583,0.2521384968012469,0.2521384968012469
215773_x_at,0.17539652713483556,0.3288804664676583,0.2521384968012469,0.2521384968012469
210567_s_at,0.2878037058689819,0.21690272334480323,0.2523532146068926,0.2523532146068926
210567_s_at,0.2878037058689819,0.21690272334480323,0.2523532146068926,0.2523532146068926
225947_at,0.04406221683496209,0.46602341236792677,0.2550428146014444,0.2550428146014444
225947_at,0.04406221683496209,0.46602341236792677,0.2550428146014444,0.2550428146014444
211765_x_at,0.2675889700923473,0.2432997332711719,0.2554443516817596,0.2554443516817596
211765_x_at,0.2675889700923473,0.2432997332711719,0.2554443516817596,0.2554443516817596
211252_x_at,0.47927413312865,0.03618701527638175,0.2577305742025159,0.2577305742025159
211252_x_at,0.47927413312865,0.03618701527638175,0.2577305742025159,0.2577305742025159
217320_at,0.3334497915121744,0.18315547335195395,0.2583026324320642,0.2583026324320642
217320_at,0.3334497915121744,0.18315547335195395,0.2583026324320642,0.2583026324320642
218460_at,0.2038457866736211,0.3136257567727307,0.2587357717231759,0.2587357717231759
218460_at,0.2038457866736211,0.3136257567727307,0.2587357717231759,0.2587357717231759
240546_at,0.6953945155975642,-0.16967583174233877,0.2628593419276127,0.2628593419276127
240546_at,0.6953945155975642,-0.16967583174233877,0.2628593419276127,0.2628593419276127
208616_s_at,0.31233526601496764,0.21530854167947963,0.26382190384722365,0.26382190384722365
208616_s_at,0.31233526601496764,0.21530854167947963,0.26382190384722365,0.26382190384722365
233700_at,0.35175005633838213,0.17608926809868247,0.2639196622185323,0.2639196622185323
233700_at,0.35175005633838213,0.17608926809868247,0.2639196622185323,0.2639196622185323
218129_s_at,0.03232639462300258,0.49852477828350517,0.26542558645325387,0.26542558645325387
218129_s_at,0.03232639462300258,0.49852477828350517,0.26542558645325387,0.26542558645325387
202043_s_at,0.341699299288254,0.1936184829182049,0.26765889110322943,0.26765889110322943
202043_s_at,0.341699299288254,0.1936184829182049,0.26765889110322943,0.26765889110322943
227790_at,0.622057198843569,-0.08419809279818775,0.2689295530226906,0.2689295530226906
227790_at,0.622057198843569,-0.08419809279818775,0.2689295530226906,0.2689295530226906
208752_x_at,0.14921443673334361,0.3897703418320346,0.2694923892826891,0.2694923892826891
208752_x_at,0.14921443673334361,0.3897703418320346,0.2694923892826891,0.2694923892826891
203358_s_at,0.049143822861868566,0.4954646814739017,0.2723042521678851,0.2723042521678851
203358_s_at,0.049143822861868566,0.4954646814739017,0.2723042521678851,0.2723042521678851
204444_at,0.48569594390210985,0.059538968654082106,0.27261745627809597,0.27261745627809597
204444_at,0.48569594390210985,0.059538968654082106,0.27261745627809597,0.27261745627809597
204680_s_at,0.5409645292742261,0.007489513116486199,0.27422702119535614,0.27422702119535614
204680_s_at,0.5409645292742261,0.007489513116486199,0.27422702119535614,0.27422702119535614
218355_at,0.4972399135372838,0.055536227326203856,0.27638807043174385,0.27638807043174385
218355_at,0.4972399135372838,0.055536227326203856,0.27638807043174385,0.27638807043174385
226763_at,0.4195427925002671,0.13801829335619686,0.27878054292823196,0.27878054292823196
226763_at,0.4195427925002671,0.13801829335619686,0.27878054292823196,0.27878054292823196
222501_s_at,0.40522062947462606,0.15690276882046988,0.28106169914754797,0.28106169914754797
222501_s_at,0.40522062947462606,0.15690276882046988,0.28106169914754797,0.28106169914754797
209760_at,0.3907724188184393,0.17383675052531183,0.2823045846718756,0.2823045846718756
209760_at,0.3907724188184393,0.17383675052531183,0.2823045846718756,0.2823045846718756
224906_at,0.11337335634053937,0.453026283975049,0.2831998201577942,0.2831998201577942
224906_at,0.11337335634053937,0.453026283975049,0.2831998201577942,0.2831998201577942
212661_x_at,0.29428550333981857,0.278310267164453,0.2862978852521358,0.2862978852521358
212661_x_at,0.29428550333981857,0.278310267164453,0.2862978852521358,0.2862978852521358
1568596_a_at,0.2551710774348994,0.32011709141898803,0.2876440844269437,0.2876440844269437
1568596_a_at,0.2551710774348994,0.32011709141898803,0.2876440844269437,0.2876440844269437
201291_s_at,0.6084598685197572,-0.031233656652366257,0.2886131059336955,0.2886131059336955
201291_s_at,0.6084598685197572,-0.031233656652366257,0.2886131059336955,0.2886131059336955
244189_at,0.16026832120177206,0.4182346914900888,0.28925150634593044,0.28925150634593044
244189_at,0.16026832120177206,0.4182346914900888,0.28925150634593044,0.28925150634593044
203755_at,0.38845350731324285,0.19078215322146405,0.28961783026735344,0.28961783026735344
203755_at,0.38845350731324285,0.19078215322146405,0.28961783026735344,0.28961783026735344
204822_at,0.4163188930521512,0.16554878833893083,0.290933840695541,0.290933840695541
204822_at,0.4163188930521512,0.16554878833893083,0.290933840695541,0.290933840695541
203276_at,0.35352024251925906,0.22850545051970544,0.2910128465194822,0.2910128465194822
203276_at,0.35352024251925906,0.22850545051970544,0.2910128465194822,0.2910128465194822
227266_s_at,0.1460746239285286,0.44221398251243627,0.29414430322048246,0.29414430322048246
227266_s_at,0.1460746239285286,0.44221398251243627,0.29414430322048246,0.29414430322048246
209330_s_at,0.0901001032488379,0.5050686547349762,0.29758437899190704,0.29758437899190704
209330_s_at,0.0901001032488379,0.5050686547349762,0.29758437899190704,0.29758437899190704
203625_x_at,0.4905528360907976,0.10521388752372052,0.29788336180725905,0.29788336180725905
203625_x_at,0.4905528360907976,0.10521388752372052,0.29788336180725905,0.29788336180725905
223381_at,0.45018771559475074,0.1485055894867867,0.2993466525407687,0.2993466525407687
223381_at,0.45018771559475074,0.1485055894867867,0.2993466525407687,0.2993466525407687
222288_at,0.23203521589635318,0.3679472076130497,0.29999121175470145,0.29999121175470145
222288_at,0.23203521589635318,0.3679472076130497,0.29999121175470145,0.29999121175470145
217427_s_at,0.23294513010314252,0.3709339627119515,0.301939546407547,0.301939546407547
217427_s_at,0.23294513010314252,0.3709339627119515,0.301939546407547,0.301939546407547
202338_at,0.40100238643538927,0.20330294620447772,0.3021526663199335,0.3021526663199335
202338_at,0.40100238643538927,0.20330294620447772,0.3021526663199335,0.3021526663199335
200792_at,0.3325348305551494,0.2723930721368882,0.3024639513460188,0.3024639513460188
200792_at,0.3325348305551494,0.2723930721368882,0.3024639513460188,0.3024639513460188
203263_s_at,0.49949290509109534,0.10575364195318229,0.3026232735221388,0.3026232735221388
203263_s_at,0.49949290509109534,0.10575364195318229,0.3026232735221388,0.3026232735221388
201930_at,0.3870471768397008,0.2228048104893743,0.30492599366453754,0.30492599366453754
201930_at,0.3870471768397008,0.2228048104893743,0.30492599366453754,0.30492599366453754
212764_at,0.21220109636787415,0.40442673443914207,0.3083139154035081,0.3083139154035081
212764_at,0.21220109636787415,0.40442673443914207,0.3083139154035081,0.3083139154035081
218772_x_at,0.28818698673389176,0.3354174744726992,0.3118022306032955,0.3118022306032955
218772_x_at,0.28818698673389176,0.3354174744726992,0.3118022306032955,0.3118022306032955
224944_at,0.3267347412835484,0.29921686844262424,0.3129758048630863,0.3129758048630863
224944_at,0.3267347412835484,0.29921686844262424,0.3129758048630863,0.3129758048630863
221481_x_at,0.08395124352133745,0.5442428581850778,0.3140970508532076,0.3140970508532076
221481_x_at,0.08395124352133745,0.5442428581850778,0.3140970508532076,0.3140970508532076
202854_at,-0.0152106842808052,0.6436986214098307,0.31424396856451275,0.31424396856451275
202854_at,-0.0152106842808052,0.6436986214098307,0.31424396856451275,0.31424396856451275
222958_s_at,0.5612235582955197,0.07121190632524979,0.31621773231038475,0.31621773231038475
222958_s_at,0.5612235582955197,0.07121190632524979,0.31621773231038475,0.31621773231038475
242774_at,0.5105267065551613,0.12477683348456582,0.31765177001986356,0.31765177001986356
242774_at,0.5105267065551613,0.12477683348456582,0.31765177001986356,0.31765177001986356
211673_s_at,0.48028515050345255,0.15680379796968424,0.3185444742365684,0.3185444742365684
211673_s_at,0.48028515050345255,0.15680379796968424,0.3185444742365684,0.3185444742365684
1552923_a_at,0.5147139504834549,0.12307369804537707,0.318893824264416,0.318893824264416
1552923_a_at,0.5147139504834549,0.12307369804537707,0.318893824264416,0.318893824264416
201767_s_at,0.30351008842864635,0.33513555569275555,0.31932282206070095,0.31932282206070095
201767_s_at,0.30351008842864635,0.33513555569275555,0.31932282206070095,0.31932282206070095
224830_at,0.16759085154357745,0.4727929476163564,0.3201918995799669,0.3201918995799669
224830_at,0.16759085154357745,0.4727929476163564,0.3201918995799669,0.3201918995799669
227657_at,0.38474709544415586,0.26221104359560177,0.3234790695198788,0.3234790695198788
227657_at,0.38474709544415586,0.26221104359560177,0.3234790695198788,0.3234790695198788
209825_s_at,0.34066466632673303,0.30737763455563266,0.32402115044118285,0.32402115044118285
209825_s_at,0.34066466632673303,0.30737763455563266,0.32402115044118285,0.32402115044118285
212397_at,0.49891011551975945,0.14921580936594311,0.32406296244285127,0.32406296244285127
212397_at,0.49891011551975945,0.14921580936594311,0.32406296244285127,0.32406296244285127
208965_s_at,0.3569439756152442,0.2926865894402007,0.32481528252772246,0.32481528252772246
208965_s_at,0.3569439756152442,0.2926865894402007,0.32481528252772246,0.32481528252772246
212836_at,0.5770388450663677,0.07582975797490046,0.3264343015206341,0.3264343015206341
212836_at,0.5770388450663677,0.07582975797490046,0.3264343015206341,0.3264343015206341
219737_s_at,0.569872548599197,0.08517720537728489,0.32752487698824095,0.32752487698824095
219737_s_at,0.569872548599197,0.08517720537728489,0.32752487698824095,0.32752487698824095
226316_at,0.14250701408334313,0.5131807283199661,0.3278438712016546,0.3278438712016546
226316_at,0.14250701408334313,0.5131807283199661,0.3278438712016546,0.3278438712016546
228941_at,0.3407072049137453,0.3178001930072686,0.32925369896050694,0.32925369896050694
228941_at,0.3407072049137453,0.3178001930072686,0.32925369896050694,0.32925369896050694
215679_at,0.5897388300709092,0.07256673936090302,0.33115278471590615,0.33115278471590615
215679_at,0.5897388300709092,0.07256673936090302,0.33115278471590615,0.33115278471590615
35974_at,0.443233109847868,0.22053628606818176,0.3318846979580249,0.3318846979580249
35974_at,0.443233109847868,0.22053628606818176,0.3318846979580249,0.3318846979580249
213864_s_at,0.1738705315759615,0.49886282405411536,0.33636667781503843,0.33636667781503843
213864_s_at,0.1738705315759615,0.49886282405411536,0.33636667781503843,0.33636667781503843
231894_at,0.35100520128800217,0.32609778675810824,0.3385514940230552,0.3385514940230552
231894_at,0.35100520128800217,0.32609778675810824,0.3385514940230552,0.3385514940230552
212149_at,0.2363010667456672,0.44634161899277214,0.34132134286921967,0.34132134286921967
212149_at,0.2363010667456672,0.44634161899277214,0.34132134286921967,0.34132134286921967
200956_s_at,0.4232150642808864,0.25972332736193354,0.34146919582141,0.34146919582141
200956_s_at,0.4232150642808864,0.25972332736193354,0.34146919582141,0.34146919582141
63009_at,0.5582371725791515,0.12548639795127345,0.3418617852652125,0.3418617852652125
63009_at,0.5582371725791515,0.12548639795127345,0.3418617852652125,0.3418617852652125
232501_at,0.6678236551056368,0.016794540916675375,0.3423090980111561,0.3423090980111561
232501_at,0.6678236551056368,0.016794540916675375,0.3423090980111561,0.3423090980111561
244033_at,0.5638177385398294,0.13388189413034493,0.34884981633508716,0.34884981633508716
244033_at,0.5638177385398294,0.13388189413034493,0.34884981633508716,0.34884981633508716
208549_x_at,0.300033459429629,0.39796070795791183,0.3489970836937704,0.3489970836937704
208549_x_at,0.300033459429629,0.39796070795791183,0.3489970836937704,0.3489970836937704
212023_s_at,0.5253221731356603,0.1754589354156671,0.3503905542756637,0.3503905542756637
212023_s_at,0.5253221731356603,0.1754589354156671,0.3503905542756637,0.3503905542756637
216988_s_at,0.4925758104669841,0.2087876406377984,0.35068172555239124,0.35068172555239124
216988_s_at,0.4925758104669841,0.2087876406377984,0.35068172555239124,0.35068172555239124
204315_s_at,0.45196902954826385,0.250934189668769,0.3514516096085164,0.3514516096085164
204315_s_at,0.45196902954826385,0.250934189668769,0.3514516096085164,0.3514516096085164
204886_at,0.5871917226519422,0.11837078363755577,0.35278125314474895,0.35278125314474895
204886_at,0.5871917226519422,0.11837078363755577,0.35278125314474895,0.35278125314474895
1566647_s_at,0.5330985795637685,0.1745765669368734,0.35383757325032095,0.35383757325032095
1566647_s_at,0.5330985795637685,0.1745765669368734,0.35383757325032095,0.35383757325032095
204709_s_at,0.6302738135388479,0.08175230965488475,0.35601306159686635,0.35601306159686635
204709_s_at,0.6302738135388479,0.08175230965488475,0.35601306159686635,0.35601306159686635
215380_s_at,0.3217864350454323,0.39565835540725663,0.35872239522634447,0.35872239522634447
215380_s_at,0.3217864350454323,0.39565835540725663,0.35872239522634447,0.35872239522634447
213911_s_at,0.1836172597766283,0.5356332060804064,0.35962523292851734,0.35962523292851734
213911_s_at,0.1836172597766283,0.5356332060804064,0.35962523292851734,0.35962523292851734
229431_at,0.32907705092855055,0.3931992233728132,0.3611381371506819,0.3611381371506819
229431_at,0.32907705092855055,0.3931992233728132,0.3611381371506819,0.3611381371506819
209611_s_at,0.35849773627768167,0.36911439723063233,0.363806066754157,0.363806066754157
209611_s_at,0.35849773627768167,0.36911439723063233,0.363806066754157,0.363806066754157
223559_s_at,0.13909100923269643,0.5913230260525241,0.36520701764261027,0.36520701764261027
223559_s_at,0.13909100923269643,0.5913230260525241,0.36520701764261027,0.36520701764261027
233074_at,0.46741446570563505,0.27239208763424644,0.3699032766699407,0.3699032766699407
233074_at,0.46741446570563505,0.27239208763424644,0.3699032766699407,0.3699032766699407
213226_at,0.42596127696057823,0.314398519077773,0.3701798980191756,0.3701798980191756
213226_at,0.42596127696057823,0.314398519077773,0.3701798980191756,0.3701798980191756
240623_at,0.5527736802526455,0.19013598518538624,0.37145483271901586,0.37145483271901586
240623_at,0.5527736802526455,0.19013598518538624,0.37145483271901586,0.37145483271901586
206364_at,0.5343665773681371,0.20881939530869617,0.37159298633841664,0.37159298633841664
206364_at,0.5343665773681371,0.20881939530869617,0.37159298633841664,0.37159298633841664
200708_at,0.33959351938536725,0.40955961260112694,0.37457656599324707,0.37457656599324707
200708_at,0.33959351938536725,0.40955961260112694,0.37457656599324707,0.37457656599324707
214144_at,0.3281700314861944,0.4221434010798484,0.3751567162830214,0.3751567162830214
214144_at,0.3281700314861944,0.4221434010798484,0.3751567162830214,0.3751567162830214
201039_s_at,0.34240077066701763,0.4105294473451686,0.3764651090060931,0.3764651090060931
201039_s_at,0.34240077066701763,0.4105294473451686,0.3764651090060931,0.3764651090060931
232950_s_at,0.4387154355604467,0.31653612157533323,0.3776257785678899,0.3776257785678899
232950_s_at,0.4387154355604467,0.31653612157533323,0.3776257785678899,0.3776257785678899
213568_at,0.8958533331434722,-0.13142064111315516,0.3822163460151585,0.3822163460151585
213568_at,0.8958533331434722,-0.13142064111315516,0.3822163460151585,0.3822163460151585
209053_s_at,0.4918087377483495,0.27616792112319716,0.3839883294357733,0.3839883294357733
209053_s_at,0.4918087377483495,0.27616792112319716,0.3839883294357733,0.3839883294357733
202534_x_at,0.40189111242389286,0.37008160174890065,0.3859863570863967,0.3859863570863967
202534_x_at,0.40189111242389286,0.37008160174890065,0.3859863570863967,0.3859863570863967
200853_at,0.32789666425548486,0.4494920225797581,0.3886943434176215,0.3886943434176215
200853_at,0.32789666425548486,0.4494920225797581,0.3886943434176215,0.3886943434176215
210052_s_at,0.6659974137089827,0.11236070067073961,0.3891790571898611,0.3891790571898611
210052_s_at,0.6659974137089827,0.11236070067073961,0.3891790571898611,0.3891790571898611
203436_at,0.5800321734962625,0.20936876057294515,0.3947004670346038,0.3947004670346038
203436_at,0.5800321734962625,0.20936876057294515,0.3947004670346038,0.3947004670346038
207508_at,0.2966744215918741,0.49819301762891544,0.39743371961039475,0.39743371961039475
207508_at,0.2966744215918741,0.49819301762891544,0.39743371961039475,0.39743371961039475
243362_s_at,0.403725700985797,0.39595281129953347,0.39983925614266524,0.39983925614266524
243362_s_at,0.403725700985797,0.39595281129953347,0.39983925614266524,0.39983925614266524
232937_at,0.37449986518580436,0.4259010857653218,0.4002004754755631,0.4002004754755631
232937_at,0.37449986518580436,0.4259010857653218,0.4002004754755631,0.4002004754755631
211569_s_at,0.41916419329665694,0.3817154342337268,0.4004398137651919,0.4004398137651919
211569_s_at,0.41916419329665694,0.3817154342337268,0.4004398137651919,0.4004398137651919
208974_x_at,0.676269805153943,0.13094351850177482,0.40360666182785887,0.40360666182785887
208974_x_at,0.676269805153943,0.13094351850177482,0.40360666182785887,0.40360666182785887
235918_x_at,0.43144011253956643,0.38508887627161414,0.4082644944055903,0.4082644944055903
235918_x_at,0.43144011253956643,0.38508887627161414,0.4082644944055903,0.4082644944055903
236641_at,0.7278202900125976,0.11596737145552319,0.4218938307340604,0.4218938307340604
236641_at,0.7278202900125976,0.11596737145552319,0.4218938307340604,0.4218938307340604
204641_at,0.616331972881656,0.24133199384489662,0.4288319833632763,0.4288319833632763
204641_at,0.616331972881656,0.24133199384489662,0.4288319833632763,0.4288319833632763
202613_at,0.6310122753767301,0.23630399060005525,0.4336581329883927,0.4336581329883927
202613_at,0.6310122753767301,0.23630399060005525,0.4336581329883927,0.4336581329883927
211727_s_at,0.16000211446604928,0.7108365281606293,0.43541932131333927,0.43541932131333927
211727_s_at,0.16000211446604928,0.7108365281606293,0.43541932131333927,0.43541932131333927
223700_at,0.5766017714403542,0.3031135019545372,0.4398576366974457,0.4398576366974457
223700_at,0.5766017714403542,0.3031135019545372,0.4398576366974457,0.4398576366974457
201746_at,0.41866795863386497,0.4690915202534767,0.4438797394436709,0.4438797394436709
201746_at,0.41866795863386497,0.4690915202534767,0.4438797394436709,0.4438797394436709
226651_at,0.6823829145174025,0.21328255856622982,0.44783273654181616,0.44783273654181616
226651_at,0.6823829145174025,0.21328255856622982,0.44783273654181616,0.44783273654181616
228273_at,0.4937161395961977,0.40482894304978245,0.4492725413229901,0.4492725413229901
228273_at,0.4937161395961977,0.40482894304978245,0.4492725413229901,0.4492725413229901
225246_at,0.5311890076029857,0.3848797893662718,0.4580343984846288,0.4580343984846288
225246_at,0.5311890076029857,0.3848797893662718,0.4580343984846288,0.4580343984846288
219306_at,0.7746981853923027,0.14506079656066326,0.459879490976483,0.459879490976483
219306_at,0.7746981853923027,0.14506079656066326,0.459879490976483,0.459879490976483
231938_at,0.7582760146675146,0.16943837439903434,0.46385719453327445,0.46385719453327445
231938_at,0.7582760146675146,0.16943837439903434,0.46385719453327445,0.46385719453327445
225834_at,0.7080174463331973,0.22277920120596512,0.46539832376958123,0.46539832376958123
225834_at,0.7080174463331973,0.22277920120596512,0.46539832376958123,0.46539832376958123
226017_at,0.5199741530465388,0.42831299486250984,0.47414357395452433,0.47414357395452433
226017_at,0.5199741530465388,0.42831299486250984,0.47414357395452433,0.47414357395452433
231295_at,0.5845149999763444,0.3670625779947999,0.47578878898557214,0.47578878898557214
231295_at,0.5845149999763444,0.3670625779947999,0.47578878898557214,0.47578878898557214
227653_at,0.7445500217553077,0.21774470048364478,0.48114736111947626,0.48114736111947626
227653_at,0.7445500217553077,0.21774470048364478,0.48114736111947626,0.48114736111947626
208615_s_at,0.5521445929041087,0.4142247098814619,0.4831846513927853,0.4831846513927853
208615_s_at,0.5521445929041087,0.4142247098814619,0.4831846513927853,0.4831846513927853
223545_at,0.9184945711499046,0.061185499678480505,0.4898400354141926,0.4898400354141926
223545_at,0.9184945711499046,0.061185499678480505,0.4898400354141926,0.4898400354141926
201309_x_at,0.5635863681551553,0.4283987042690888,0.495992536212122,0.495992536212122
201309_x_at,0.5635863681551553,0.4283987042690888,0.495992536212122,0.495992536212122
212491_s_at,0.565606300679534,0.4387404979564964,0.5021733993180152,0.5021733993180152
212491_s_at,0.565606300679534,0.4387404979564964,0.5021733993180152,0.5021733993180152
240737_at,0.6201827028123279,0.4002997464331699,0.5102412246227489,0.5102412246227489
240737_at,0.6201827028123279,0.4002997464331699,0.5102412246227489,0.5102412246227489
201036_s_at,0.4569565695835662,0.5685704712136084,0.5127635203985873,0.5127635203985873
201036_s_at,0.4569565695835662,0.5685704712136084,0.5127635203985873,0.5127635203985873
209026_x_at,0.5090427052808321,0.5172816869534276,0.5131621961171298,0.5131621961171298
209026_x_at,0.5090427052808321,0.5172816869534276,0.5131621961171298,0.5131621961171298
208795_s_at,0.5990240414146283,0.4510365608876556,0.5250303011511419,0.5250303011511419
208795_s_at,0.5990240414146283,0.4510365608876556,0.5250303011511419,0.5250303011511419
202503_s_at,0.3987514043218965,0.6738864916185995,0.5363189479702479,0.5363189479702479
202503_s_at,0.3987514043218965,0.6738864916185995,0.5363189479702479,0.5363189479702479
211714_x_at,0.5594076369986021,0.5165896623466376,0.5379986496726199,0.5379986496726199
211714_x_at,0.5594076369986021,0.5165896623466376,0.5379986496726199,0.5379986496726199
203362_s_at,0.5365105903606393,0.5499404726712493,0.5432255315159443,0.5432255315159443
203362_s_at,0.5365105903606393,0.5499404726712493,0.5432255315159443,0.5432255315159443
224954_at,0.8255234200398839,0.3152212979378529,0.5703723589888684,0.5703723589888684
224954_at,0.8255234200398839,0.3152212979378529,0.5703723589888684,0.5703723589888684
224428_s_at,0.61780268240804,0.5374347679925423,0.5776187252002911,0.5776187252002911
224428_s_at,0.61780268240804,0.5374347679925423,0.5776187252002911,0.5776187252002911
1552557_a_at,1.0,0.1751793057533928,0.5875896528766964,0.5875896528766964
1552557_a_at,1.0,0.1751793057533928,0.5875896528766964,0.5875896528766964
223311_s_at,0.7658546493545834,0.43586311673578143,0.6008588830451824,0.6008588830451824
223311_s_at,0.7658546493545834,0.43586311673578143,0.6008588830451824,0.6008588830451824
204558_at,0.8827163273694952,0.3203584038317993,0.6015373656006473,0.6015373656006473
204558_at,0.8827163273694952,0.3203584038317993,0.6015373656006473,0.6015373656006473
201397_at,0.6919593678209363,0.5410897760911397,0.6165245719560379,0.6165245719560379
201397_at,0.6919593678209363,0.5410897760911397,0.6165245719560379,0.6165245719560379
222608_s_at,0.9781769402079428,0.2619941672531854,0.6200855537305641,0.6200855537305641
222608_s_at,0.9781769402079428,0.2619941672531854,0.6200855537305641,0.6200855537305641
214214_s_at,0.6201757628230861,0.6739421340526188,0.6470589484378524,0.6470589484378524
214214_s_at,0.6201757628230861,0.6739421340526188,0.6470589484378524,0.6470589484378524
217027_x_at,0.8756369989558883,0.4392824460975679,0.6574597225267281,0.6574597225267281
217027_x_at,0.8756369989558883,0.4392824460975679,0.6574597225267281,0.6574597225267281
209009_at,0.43291444441508536,1.0,0.7164572222075427,0.7164572222075427
209009_at,0.43291444441508536,1.0,0.7164572222075427,0.7164572222075427
